[-0.30517995 -0.15863277]
[ 0.16139192 -0.1691932 ]
[-0.06025766  0.09259736]
[ 0.24586063 -0.4321329 ]
[ 0.16139192 -0.1691932 ]
[ 0.89152474  0.38410768]
[ 0.08098924 -0.20538854]
[-0.25393561  0.1088927 ]
[-0.05039148  0.1133131 ]
[ 0.16139192 -0.1691932 ]
[-0.38770707  0.19329612]
[ 0.24586063 -0.4321329 ]
[ 0.16139192 -0.1691932 ]
[-0.41255145  0.2308121 ]
[ 0.00619478 -0.05652704]
[-0.49582217  0.17736501]
[-0.61492086 -0.04012619]
[-0.38500629  0.0450153 ]
[ 0.23695144 -0.67827318]
[ 0.89152474  0.38410768]
[-0.6483516   0.14709067]
[-0.09831334 -0.30652745]
[-0.09286415  0.19381519]
[ 0.16139192 -0.1691932 ]
[ 0.16139192 -0.1691932 ]
[-0.34157398 -0.00812622]
[ 0.16139192 -0.1691932 ]
[-0.1616612   0.15544943]
[-0.49582217  0.17736501]
[ 0.23695144 -0.67827318]
[-0.69978314  0.25539003]
[-0.13544824 -0.00806963]
[-0.38964875  0.10430687]
[-0.49582217  0.17736501]
[ 0.23695144 -0.67827318]
[-0.0298253  -0.27336498]
[-0.01566286 -0.24520916]
[ 0.23695144 -0.67827318]
[-0.1557787   0.14968141]
[ 0.16693506 -0.23022245]
[ 0.15806805 -0.14671655]
[-0.81091181  0.3063074 ]
[ 0.89152474  0.38410768]
[-0.63504681  0.15647023]
[-0.16112568  0.16124866]
[-0.29432037  0.1493443 ]
[ 0.08538027  0.22314184]
[-0.33248509  0.15618823]
[ 0.24586063 -0.4321329 ]
[-0.30517995 -0.15863277]
[-0.19283003  0.1092024 ]
[ 0.11937429 -0.01462413]
[ 0.23695144 -0.67827318]
[-0.14299104  0.13434922]
[ 0.16139192 -0.1691932 ]
[-0.74752883  0.23920031]
[-0.01251943 -0.06732664]
[ 0.3247228   0.21863656]
[ 0.15794926  0.39771172]
[-0.0382569 -0.0113689]
[ 0.16139192 -0.1691932 ]
[-0.53368361  0.11031786]
[-0.51449425  0.10376886]
[ 0.16139192 -0.1691932 ]
[-0.14809464 -0.28140565]
[-0.3494887   0.20777664]
[ 0.1202858  -0.12812712]
[ 0.23695144 -0.67827318]
[ 0.23695144 -0.67827318]
[ 0.72187292 -0.22888122]
[ 0.27994369  0.16300026]
[-0.09831334 -0.30652745]
[-0.38686136 -0.58291054]
[ 0.23695144 -0.67827318]
[-0.38964875  0.10430687]
[ 0.31898631 -0.36444818]
[ 0.23058371  0.23937566]
[ 0.24586063 -0.4321329 ]
[ 0.23695144 -0.67827318]
[ 0.73170498 -0.06246288]
[ 0.57715081 -0.04465561]
[-0.37795222 -0.33677023]
[-0.18278214 -0.04358781]
[-0.17371152  0.06567724]
[ 0.32473747 -0.40150512]
[-0.09831334 -0.30652745]
[-0.44687668  0.18508524]
[-0.49582217  0.177365  ]
[ 0.73170498 -0.06246288]
[-0.33248509  0.15618823]
[-0.41173742  0.23229491]
[-0.33248509  0.15618823]
[ 0.16139192 -0.1691932 ]
[-0.42005966  0.1335078 ]
[-0.49993981  0.18968433]
[-0.18424144  0.06658135]
[-0.38964875  0.10430687]
[-0.37210695  0.05225616]
[ 0.33369726  0.05121267]
[ 0.23695144 -0.67827318]
[-0.09831334 -0.30652745]
[ 0.23695144 -0.67827318]
[-0.47853904  0.09809773]
[-0.13649328  0.03188298]
[ 0.24713655  0.0671852 ]
[-0.64209019  0.15044506]
[-0.20816718  0.12832149]
[ 0.16139192 -0.1691932 ]
[-0.33248509  0.15618823]
[ 0.73170498 -0.06246288]
[-0.196054    0.10781722]
[-0.1509137   0.29573348]
[ 0.73170498 -0.06246288]
[-0.09831334 -0.30652745]
[ 0.73170498 -0.06246288]
[ 0.00940717 -0.04298591]
[-0.14516198  0.26536843]
[ 0.73170499 -0.0624629 ]
[-0.09831334 -0.30652745]
[ 0.13943589  0.21589331]
[-0.30517995 -0.15863277]
[-0.58624447  0.19136715]
[ 0.23695144 -0.67827318]
[ 0.73170498 -0.06246288]
[ 0.23695144 -0.67827318]
[-0.26396624  0.27426506]
[-0.09831334 -0.30652745]
[ 0.23695144 -0.67827318]
[-0.09831334 -0.30652745]
[ 0.16139192 -0.1691932 ]
[ 0.11963077 -0.01471536]
[ 0.38235236  0.25399103]
[-0.37183319  0.0529884 ]
[-0.29224694  0.08600697]
[-0.30517995 -0.15863277]
[-0.26010388  0.19669179]
[-0.31353274  0.07981181]
[ 0.10730353 -0.01692171]
[ 0.23695144 -0.67827318]
[-0.11081696  0.2271894 ]
[-0.28930994  0.12674809]
[-0.18278214 -0.04358781]
[ 0.00853628  0.00779056]
[-0.09831334 -0.30652745]
[-0.09831334 -0.30652745]
[ 0.16139192 -0.1691932 ]
[ 0.00970772 -0.05006099]
[-0.38964876  0.10430688]
[ 0.89152474  0.38410768]
[ 0.89152474  0.38410768]
[-0.19532844  0.00240406]
[ 0.89152474  0.38410768]
[ 0.23695144 -0.67827318]
[-0.34687522  0.24410116]
[-0.26552888  0.12915549]
[ 0.23695144 -0.67827318]
[-0.30737215  0.07266039]
[-0.09831334 -0.30652745]
[ 0.16139192 -0.1691932 ]
[-0.17345908  0.13963455]
[-0.29224694  0.08600697]
[-0.1389502  -0.04643944]
[-0.04358606 -0.01858252]
[ 0.86827755  0.54097461]
[-0.61186749  0.14489844]
[-0.46743786  0.19945855]
[-0.38964875  0.10430687]
[-0.09403351  0.19818518]
[ 0.73170498 -0.06246288]
[ 0.89152474  0.38410768]
[-0.52169506  0.19661835]
[-0.34924499  0.20910768]
[ 0.16139192 -0.1691932 ]
[ 0.75314271  0.34021399]
[ 0.16139192 -0.1691932 ]
[-0.11527729 -0.28835115]
[ 0.16139192 -0.1691932 ]
[ 0.07547037  0.20510934]
[-0.09717798  0.02709094]
[-0.00506805  0.2193444 ]
[-0.04045428  0.18300337]
[-0.15950523  0.0794094 ]
[-0.09831334 -0.30652745]
[-0.03491308  0.14106098]
[ 0.18795475  0.31743281]
[-0.12011661 -0.06672256]
[ 0.73170498 -0.06246288]
[-0.18278214 -0.04358781]
[-0.40609837  0.1656009 ]
[-0.60616854  0.13650588]
[ 0.37881376  0.24477673]
[ 0.73170498 -0.06246288]
[ 0.23695144 -0.67827318]
[ 0.16139192 -0.1691932 ]
[-0.07745115  0.01364709]
[ 0.39870461  0.12672132]
[ 0.16139192 -0.1691932 ]
[-0.15113137  0.29590088]
[-0.05284193  0.1086245 ]
[ 0.23695144 -0.67827318]
[ 0.86627016  0.3337594 ]
[ 0.16139192 -0.1691932 ]
[-0.45295758  0.18844749]
[-0.09831334 -0.30652745]
[ 0.73170498 -0.06246288]
[-0.02157589 -0.07024493]
[-0.44291317  0.14035323]
[ 0.40162217 -0.3278436 ]
[-0.42957942  0.13720246]
[-0.18278214 -0.04358781]
[ 0.00675134 -0.03755936]
[-0.42210296  0.17698804]
[ 0.23695144 -0.67827318]
[-0.04815644  0.2792857 ]
[-0.49582217  0.17736501]
[ 0.88460573  0.35525124]
[ 0.73170498 -0.06246288]
[-1.05174616  0.09197496]
[-0.18278214 -0.04358781]
[-0.16335832  0.08242492]
[-0.07789773  0.0064461 ]
[ 0.89152474  0.38410768]
[-0.18278214 -0.04358781]
[-0.09831334 -0.30652745]
[-0.17152044  0.2819791 ]
[-0.20023566 -0.08528073]
[-0.79252789  0.15654569]
[-0.00702971  0.25952091]
[-0.12011661 -0.06672256]
[ 0.89152474  0.38410768]
[-0.40487787  0.26299274]
[-0.13556194  0.03294467]
[ 0.24586063 -0.4321329 ]
[ 0.07265215  0.20712658]
[ 0.0117266  -0.08571889]
[-0.33248508  0.15618822]
[ 0.10326445  0.2001503 ]
[-0.05943572  0.09458088]
[-0.47009154  0.14334137]
[-0.29850465  0.12779366]
[ 0.1730502 -0.4680443]
[ 0.16139192 -0.1691932 ]
[ 0.89152474  0.38410768]
[ 0.89152474  0.38410768]
[ 0.39589086  0.1222862 ]
[-0.23244041  0.12561278]
[ 0.08147906  0.23145395]
[-0.05121798  0.00553662]
[-0.07208269  0.02984716]
[-0.09831334 -0.30652745]
[ 0.89152474  0.38410768]
[-0.28133596  0.23610195]
[ 0.17664476  0.19475341]
[-0.09831334 -0.30652745]
[-0.19281994  0.10682139]
[-0.0970243   0.23877289]
[-0.29224694  0.08600697]
[-0.67846468  0.25145136]
[-0.18278214 -0.04358781]
[-0.22519617  0.11247058]
[-0.05624557  0.12045362]
[ 0.11619801 -0.01311986]
[ 0.23695144 -0.67827318]
[-0.03979136 -0.23254143]
[-0.49582217  0.17736501]
[-0.57279319  0.0791714 ]
[-0.49582217  0.17736501]
[-0.06374247  0.08193607]
[-0.33248509  0.15618823]
[ 0.00345243 -0.03491623]
[-0.42210296  0.17698804]
[ 0.16139192 -0.1691932 ]
[-0.09831334 -0.30652745]
[-0.1353831   0.02580407]
[-0.59584247  0.06986287]
[-0.33248509  0.15618823]
[ 0.16139192 -0.1691932 ]
[-0.09831334 -0.30652745]
[-0.4155973   0.02308434]
[-0.09831334 -0.30652745]
[ 0.16139192 -0.1691932 ]
[-0.24512908  0.13071216]
[ 0.19265105  0.18789484]
[ 0.89152474  0.38410768]
[ 0.16139192 -0.1691932 ]
[ 0.23695144 -0.67827318]
[ 0.73170498 -0.06246288]
[-0.10867664  0.05388201]
[ 0.23695144 -0.67827318]
[ 0.1963637 -0.1688637]
[ 0.73170515 -0.06246302]
[ 0.61086455 -0.09580154]
[ 0.16139192 -0.1691932 ]
[-0.09831334 -0.30652745]
[-0.33076578  0.15855314]
[ 0.16139192 -0.1691932 ]
[ 0.09256061  0.02994535]
[-0.12294451 -0.10591511]
[ 0.89152474  0.38410768]
[ 0.23695144 -0.67827318]
[-0.73881392  0.1345454 ]
[ 0.89152474  0.38410768]
[ 0.004327   -0.24200689]
[-0.52272048  0.0743095 ]
[-0.0395579  -0.25418479]
[-0.6033428   0.20738161]
[ 0.24586063 -0.4321329 ]
[ 0.67833477 -0.06582458]
[-0.16416056  0.12515728]
[ 0.73170499 -0.06246328]
[-0.1234049   0.00322934]
[-0.39965142  0.07244109]
[-0.1201166  -0.06672258]
[ 0.89152474  0.38410768]
[-0.01346761 -0.06772302]
[-0.01703956 -0.24012305]
[ 0.12968195 -0.12194826]
[ 0.16139192 -0.1691932 ]
[-0.02046225  0.1696965 ]
[-0.29971713  0.11038901]
[-0.13460037  0.10134495]
[ 0.57715081 -0.04465561]
[-0.65751883 -0.03868862]
[-0.72183791  0.16487355]
[-0.61591354  0.21428033]
[-0.35952204  0.16319134]
[ 0.05296591 -0.24208114]
[ 0.32465522  0.21881518]
[-0.52038336  0.08274144]
[ 0.44768023  0.23489844]
[-0.45580294  0.13936733]
[-0.01301211  0.18869081]
[-0.67639692  0.25402513]
[-0.38686136 -0.58291054]
[-0.18278214 -0.04358781]
[-0.09288139  0.03465695]
[-0.68156431  0.26868778]
[-0.15231752  0.17070026]
[-0.23505953 -0.00368086]
[-0.29224694  0.08600697]
[-0.15559182  0.29454439]
[-0.18278214 -0.04358781]
[ 0.13360654  0.01942982]
[ 0.16139192 -0.1691932 ]
[ 0.89152474  0.38410768]
[-0.51681909  0.10452442]
[ 0.89152474  0.38410768]
[ 0.00167464 -0.08599494]
[ 0.8921244   0.38349395]
[ 0.16139192 -0.1691932 ]
[-0.33248509  0.15618823]
[-0.01976853 -0.25692963]
[-0.49582217  0.17736501]
[-0.34602607  0.13070573]
[ 0.89152474  0.38410768]
[ 0.02955781 -0.10659009]
[-0.15365831  0.025694  ]
[-0.09831334 -0.30652745]
[-0.01181056 -0.24492207]
[ 0.09709852  0.02813082]
[-0.3327516  0.12294  ]
[ 0.89152474  0.38410768]
[-0.61215173 -0.04654039]
[-0.18278214 -0.04358781]
[-0.23975639  0.05521068]
[-0.10989842  0.20651968]
[-0.29224695  0.08600696]
[-0.0494835   0.11500682]
[ 0.23695144 -0.67827318]
[ 0.23695144 -0.67827318]
[ 0.00947939 -0.02409887]
[-0.18278214 -0.04358781]
[-0.52400453  0.17010529]
[-0.38964875  0.10430687]
[ 0.73170498 -0.06246288]
[ 0.17122238 -0.04215882]
[ 0.89152474  0.38410768]
[-0.2228841   0.11049716]
[-0.0251432   0.15962569]
[-0.73219983  0.22616965]
[-0.28106287 -0.09574838]
[-0.39048869  0.1501866 ]
[-0.33462263  0.15253921]
[-0.67224462  0.26267542]
[ 0.89152474  0.38410768]
[-0.12604867  0.04981825]
[-0.07646384  0.28951295]
[ 0.57715081 -0.04465561]
[-0.09831334 -0.30652745]
[-0.39277575  0.04538047]
[ 0.45671799  0.32727982]
[ 0.8920423   0.38374938]
[-0.00450178  0.2246922 ]
[-0.10785487  0.04207767]
[-0.09339086  0.23537597]
[-0.16059586  0.15704195]
[-0.0071647   0.20798982]
[-0.53795616  0.15007369]
[-0.30517995 -0.15863277]
[-0.29224694  0.08600697]
[ 0.17407349 -0.1582874 ]
[-0.44219915  0.16488936]
[ 0.2110025   0.08292229]
[ 0.73170498 -0.06246288]
[ 0.23695144 -0.67827318]
[ 0.32481255  0.19546831]
[ 0.23695144 -0.67827318]
[-0.57893172  0.23029789]
[-0.3315792   0.14941898]
[ 0.16139192 -0.1691932 ]
[-0.09186058  0.048537  ]
[-0.18278214 -0.04358781]
[-0.69978315  0.25539002]
[ 0.0086269  -0.04268857]
[ 0.14501756  0.12070406]
[-0.1147201   0.25034223]
[ 0.88059693  0.32832117]
[ 0.07306804  0.18922434]
[-0.14384558  0.11917253]
[-0.22484717  0.12009081]
[ 0.16139192 -0.1691932 ]
[-0.06081747  0.09120316]
[-0.18278214 -0.04358781]
[ 0.16139192 -0.1691932 ]
[ 0.02258563 -0.02404081]
[-0.38964875  0.10430687]
[ 0.33498431 -0.36776096]
[-0.13170584  0.08810771]
[ 0.16139192 -0.1691932 ]
[-0.06323119  0.08469874]
[-0.09831334 -0.30652745]
[ 0.89225859  0.38288361]
[-0.17318381  0.13997261]
[ 0.24586063 -0.4321329 ]
[ 0.23695144 -0.67827318]
[ 0.24586063 -0.4321329 ]
[ 0.23695144 -0.67827318]
[-0.33248509  0.15618823]
[-0.38964875  0.10430687]
[ 0.12053075 -0.0518476 ]
[-0.42210296  0.17698804]
[ 0.11990782  0.03189879]
[-0.21045388  0.03917707]
[ 0.08293945  0.23134703]
[ 0.89152474  0.38410768]
[-0.49582217  0.177365  ]
[ 0.89152474  0.38410768]
[-0.49582217  0.17736501]
[ 0.16194572  0.2100784 ]
[ 0.35793451 -0.40129766]
[-0.39287117 -0.11353578]
[-0.49582217  0.17736501]
[-0.44633958  0.05602064]
[ 0.28054881  0.03868036]
[-0.14331848  0.12535097]
[-0.09831334 -0.30652745]
[ 0.39739109  0.12467932]
[-0.03806766  0.28237327]
[-0.01394661 -0.2076457 ]
[ 0.89152474  0.38410768]
[-0.68407292  0.26851754]
[-0.31089602  0.14626583]
[ 0.27260156 -0.09432609]
[-0.43735556  0.26120157]
[ 0.23695144 -0.67827318]
[-0.2809427   0.27907509]
[ 0.16139192 -0.1691932 ]
[-0.00690072 -0.05144606]
[ 0.53445503 -0.20460145]
[-0.0539308   0.12784418]
[ 0.52430889  0.36488487]
[-0.14299411  0.13432275]
[-0.56950436  0.15352529]
[-0.29224694  0.08600697]
[-0.33248509  0.15618823]
[ 0.11964965  0.08489182]
[-0.59546421  0.21094731]
[-0.09831334 -0.30652745]
[-0.18278214 -0.04358781]
[ 0.88291146  0.33439516]
[-0.02157589 -0.07024493]
[ 0.16139192 -0.1691932 ]
[-0.25480993  0.13380794]
[-0.2645916   0.14947878]
[-0.07376993 -0.27140335]
[ 0.33954943  0.24913391]
[-0.60961821 -0.061014  ]
[ 0.27603473 -0.42566555]
[  1.13635831e-01   1.13162721e-04]
[ 0.16139192 -0.1691932 ]
[ 0.23695144 -0.67827318]
[ 0.00505243  0.07289477]
[-0.38686136 -0.58291054]
[ 0.8820718   0.33212746]
[-0.0148124   0.02796565]
[ 0.16139192 -0.1691932 ]
[ 0.89152474  0.38410768]
[ 0.150779    0.18140143]
[-0.58442017  0.07079459]
[-0.15613873 -0.28579325]
[ 0.16139192 -0.1691932 ]
[-0.21538951  0.12827945]
[-0.25272582  0.12039342]
[ 0.89152474  0.38410768]
[-0.63991871  0.16395282]
[ 0.24586063 -0.4321329 ]
[ 0.64875427 -0.11945402]
[ 0.89152474  0.38410768]
[-0.39776796  0.06829894]
[ 0.89152474  0.38410768]
[-0.12011661 -0.06672256]
[ 0.16139192 -0.1691932 ]
[-0.53270374  0.14853395]
[ 0.02941313  0.10258794]
[-0.09831334 -0.30652745]
[-0.51017137  0.00175949]
[ 0.16139192 -0.1691932 ]
[ 0.89152474  0.38410768]
[ 0.89152474  0.38410768]
[-0.25249431  0.11416274]
[-0.19264548  0.19696518]
[-0.08897071  0.25750776]
[-0.11785203  0.02740169]
[-0.30769093  0.12881003]
[-0.30517995 -0.15863277]
[-0.24789891  0.01295042]
[ 0.24586063 -0.4321329 ]
[-0.53119216 -0.05475927]
[ 0.89152474  0.38410768]
[-0.09831334 -0.30652745]
[-0.1446576  -0.19724142]
[-0.03046346  0.05015137]
[-0.12588809  0.32287582]
[-0.18746776  0.06487971]
[ 0.53836313  0.09211649]
[-0.12011661 -0.06672256]
[-0.33267228  0.14643336]
[-0.31008567  0.12768686]
[-0.33232623  0.19771794]
[ 0.23695144 -0.67827318]
[ 0.16139192 -0.1691932 ]
[ 0.23695144 -0.67827318]
[-0.09831334 -0.30652745]
[-0.40845915  0.11114146]
[-0.61307929  0.21574599]
[-0.312287  0.085542]
[ 0.23695144 -0.67827318]
[-0.05863776  0.27046111]
[ 0.23695144 -0.67827318]
[ 0.0122136   0.18660011]
[-0.10061723 -0.14220217]
[ 0.23695144 -0.67827318]
[ 0.18943739  0.32116377]
[-0.04185541  0.18062108]
[-0.0136088  -0.03572652]
[-0.77720258  0.16337869]
[ 0.40291895  0.11226193]
[ 0.1199795  -0.00884343]
[-0.06058377 -0.21815336]
[ 0.12222157  0.03629818]
[-0.25634413 -0.00998748]
[ 0.16139192 -0.1691932 ]
[ 0.89152474  0.38410768]
[ 0.08540041  0.03532683]
[ 0.23695144 -0.67827318]
[-0.29224694  0.08600697]
[-0.48724553  0.09251701]
[ 0.29291456 -0.08526604]
[ 0.40134992  0.10323489]
[ 0.89152474  0.38410768]
[ 0.86578904  0.3333743 ]
[ 0.23449838  0.24008385]
[-0.38964875  0.10430687]
[-0.0699804   0.24941119]
[-0.40931956  0.17244527]
[ 0.23695144 -0.67827318]
[-0.18278214 -0.04358781]
[-0.113872    0.17739121]
[-0.33241933  0.13279707]
[-0.35680367  0.01909143]
[ 0.16139192 -0.1691932 ]
[-0.69978315  0.25539002]
[ 0.16139192 -0.1691932 ]
[-0.25753997  0.10433133]
[ 0.28351783 -0.40877747]
[-0.46150666  0.09515619]
[-0.51734712  0.11852613]
[ 0.23695144 -0.67827318]
[-0.20770334  0.13498245]
[ 0.23695144 -0.67827318]
[ 0.00537983 -0.07004561]
[-0.33248509  0.15618823]
[-0.29916655  0.1278326 ]
[ 0.73170498 -0.06246288]
[ 0.23695144 -0.67827318]
[ 0.73170499 -0.06246328]
[-0.0228592  0.1853908]
[-0.47045018  0.14705606]
[-0.12462289 -0.19731385]
[ 0.23695144 -0.67827318]
[-0.49582217  0.177365  ]
[ 0.16139192 -0.1691932 ]
[ 0.16139192 -0.1691932 ]
[ 0.16139192 -0.1691932 ]
[ 0.16139192 -0.1691932 ]
[-0.03485003  0.14117461]
[-0.61978128  0.21740868]
[ 0.30608315  0.1792507 ]
[ 0.10497842  0.04526222]
[-0.29173485  0.11447393]
[-0.33248509  0.15618823]
[ 0.06714461 -0.13990157]
[ 0.16139192 -0.1691932 ]
[ 0.00601411 -0.05879993]
[-0.29530852  0.30450198]
[-0.39186098  0.13682743]
[-0.09831334 -0.30652745]
[-0.67960064  0.27440754]
[-0.28534467 -0.19336815]
[-0.29224694  0.08600697]
[-0.66342699  0.11205226]
[-0.09831334 -0.30652745]
[ 0.00972099  0.03528779]
[-0.49582217  0.17736501]
[-0.01605013  0.18086124]
[-0.09831334 -0.30652745]
[-0.08338263 -0.08400334]
[-0.12665337 -0.14961253]
[-0.29722041  0.13156124]
[-0.02790195  0.14088529]
[-0.29224694  0.08600697]
[ 0.23695144 -0.67827318]
[ 0.24586063 -0.4321329 ]
[ 0.32837911  0.19488915]
[-0.28965456  0.1828624 ]
[-0.77104826  0.13191867]
[ 0.27994369  0.16300026]
[ 0.16139192 -0.1691932 ]
[ 0.16139192 -0.1691932 ]
[-0.50930988  0.22103464]
[ 0.63543555  0.35333118]
[-0.29224695  0.08600696]
[ 0.89152474  0.38410768]
[-0.09831334 -0.30652745]
[-0.29224695  0.08600696]
[-0.39064189  0.08940008]
[ 0.89152474  0.38410768]
[ 0.89152474  0.38410768]
[ 0.23695144 -0.67827318]
[ 0.23695144 -0.67827318]
[-0.08700495  0.26216433]
[ 0.89152474  0.38410768]
[-0.30517995 -0.15863277]
[ 0.89152474  0.38410768]
[-0.7054805   0.26500395]
[ 0.89152474  0.38410768]
[-0.29224695  0.08600696]
[-0.09831334 -0.30652745]
[ 0.16139192 -0.1691932 ]
[ 0.24586063 -0.4321329 ]
[-0.2006139   0.04356516]
[-0.25326162  0.0989318 ]
[-0.30517995 -0.15863277]
[-0.29224694  0.08600697]
[-0.01489672 -0.06827001]
[-0.49582217  0.17736501]
[-0.09831334 -0.30652745]
[ 0.89152474  0.38410768]
[-0.33233337  0.13287828]
[-0.53377033  0.11112877]
[ 0.43372265  0.32504233]
[-0.22239991  0.21194026]
[-0.54220384  0.05590283]
[-0.09831334 -0.30652745]
[ 0.30114949  0.04987021]
[-0.01495418 -0.25655464]
[ 0.16139192 -0.1691932 ]
[-0.25870639  0.30109315]
[ 0.89152474  0.38410768]
[-0.38964875  0.10430687]
[ 0.23695144 -0.67827318]
[ 0.10612297  0.1892462 ]
[-0.42210296  0.17698804]
[ 0.73170498 -0.06246288]
[-0.29224694  0.08600697]
[-0.00833277  0.20333681]
[-0.09831334 -0.30652745]
[-0.38964875  0.10430687]
[-0.2724076   0.10106627]
[ 0.89152474  0.38410768]
[ 0.0769515  -0.15009727]
[ 0.89152474  0.38410768]
[-0.61410597  0.21817397]
[-0.42210296  0.17698804]
[-0.12538719  0.04593963]
[ 0.23695144 -0.67827318]
[ 0.23695144 -0.67827318]
[-0.50449573  0.11095306]
[-0.29224695  0.08600696]
[ 0.16139192 -0.1691932 ]
[-0.09831334 -0.30652745]
[ 0.46208314  0.32832317]
[-0.3084026  -0.09517835]
[ 0.12205994  0.06172516]
[-0.09983606  0.09764474]
[ 0.89152474  0.38410768]
[-0.42210296  0.17698804]
[-0.53435122  0.10946296]
[-0.5131174   0.18106107]
[ 0.14382465  0.37298417]
[-0.33248509  0.15618823]
[-0.09831334 -0.30652745]
[ 0.12658872 -0.11857705]
[ 0.89152474  0.38410768]
[ 0.73170498 -0.06246288]
[ 0.16139192 -0.1691932 ]
[-0.33296257  0.15622159]
[-0.69978315  0.25539002]
[-0.67773504  0.26800302]
[-0.41172584  0.05209947]
[ 0.89152474  0.38410768]
[ 0.89152474  0.38410768]
[ 0.10121776 -0.29168893]
[-0.49582217  0.17736501]
[-0.70290006  0.24378477]
[ 0.67811582 -0.06584017]
[-0.17682506  0.05285295]
[-0.05269448  0.10891232]
[-0.5134671   0.10868626]
[ 0.89152474  0.38410768]
[ 0.73170498 -0.06246288]
[ 0.16139192 -0.1691932 ]
[-0.37233426  0.13293452]
[-0.38686136 -0.58291054]
[ 0.36529537  0.32771019]
[ 0.23695144 -0.67827318]
[-0.18278214 -0.04358781]
[-0.09831334 -0.30652745]
[-0.01994467 -0.23929616]
[-0.51734215  0.14232856]
[ 0.73170498 -0.06246288]
[-0.35233351  0.23970349]
[-0.14378796  0.11965864]
[-0.47972291 -0.06493422]
[-0.49582217  0.177365  ]
[ 0.89152474  0.38410768]
[ 0.16139192 -0.1691932 ]
[ 0.3390897   0.25160509]
[ 0.8923229  0.3817099]
[ 0.24586063 -0.4321329 ]
[ 0.85691364  0.32717618]
[ 0.16139192 -0.1691932 ]
[-0.2274486  -0.23641743]
[-0.38964875  0.10430687]
[-0.29224694  0.08600697]
[-0.69978315  0.25539002]
[-0.15530106  0.08947947]
[-0.14488362  0.11307051]
[-0.15446256  0.02651682]
[-0.10370307 -0.03836788]
[ 0.00116256 -0.09766774]
[-0.49106288  0.18054544]
[-0.05462821  0.28819811]
[-0.10167788 -0.04231793]
[-0.32158904  0.18876007]
[-0.29743778  0.16751849]
[-0.18278214 -0.04358781]
[ 0.02378135 -0.05831595]
[-0.32343092 -0.16950058]
[-0.3124283  -0.16879662]
[ 0.23695144 -0.67827318]
[-0.02682426 -0.00125673]
[-0.09831334 -0.30652745]
[ 0.13906879  0.12344844]
[-0.0813081  -0.01771719]
[ 0.16211784 -0.12024276]
[-0.40549978 -0.06931449]
[-0.18278214 -0.04358781]
[-0.1599073   0.15808926]
[ 0.16139192 -0.1691932 ]
[-0.43436677  0.20063003]
[ 0.57715081 -0.04465561]
[ 0.24586063 -0.4321329 ]
[-0.38964875  0.10430687]
[-0.49582217  0.17736501]
[ 0.23695144 -0.67827318]
[-0.09831334 -0.30652745]
[-0.10854364  0.05380075]
[ -9.40539988e-05  -8.53844418e-02]
[-0.36002334  0.21850263]
[-0.01264484  0.18970005]
[-0.17513111  0.29893201]
[-0.09831334 -0.30652745]
[ 0.23695144 -0.67827318]
[ 0.0500278   0.03435534]
[-0.06715513 -0.05982483]
[-0.33237157  0.15631594]
[-0.0113288   0.19347046]
[ 0.16139192 -0.1691932 ]
[ 0.89152474  0.38410768]
[ 0.23695144 -0.67827318]
[-0.60077048  0.16353454]
[-0.36474857  0.201323  ]
[ 0.16139192 -0.1691932 ]
[-0.09001568 -0.02577713]
[ 0.89152474  0.38410768]
[-0.42210296  0.17698804]
[ 0.89152474  0.38410768]
[-0.56190015  0.10651334]
[-0.08111469  0.27663854]
[-0.13299363 -0.02354346]
[ 0.20117164 -0.06426884]
[-0.38964875  0.10430687]
[-0.70799806  0.10876133]
[-0.51264392  0.25762146]
[-0.14631255 -0.28066805]
[-0.20016931  0.01575338]
[-0.03029546  0.14495427]
[-0.33248509  0.15618823]
[-0.33248509  0.15618823]
[-0.55197186  0.0557519 ]
[-0.11995166 -0.06651762]
[-0.30517995 -0.15863277]
[-0.25767218  0.15442421]
[-0.38964875  0.10430687]
[-0.0442143   0.12454304]
[-0.1125209   0.18521731]
[-0.31987542  0.04547989]
[ 0.89152474  0.38410768]
[-0.65192099  0.244885  ]
[-0.09831334 -0.30652745]
[-0.49582217  0.17736501]
[-0.75988185  0.12231293]
[-0.38230859  0.19786985]
[-0.09211714 -0.13144444]
[ 0.89152474  0.38410768]
[-0.33248509  0.15618823]
[ 0.1597614   0.20337999]
[ 0.16139192 -0.1691932 ]
[-0.2281987  0.1658917]
[ 0.01128739 -0.22016004]
[ 0.16139192 -0.1691932 ]
[-0.39896122  0.06679167]
[-0.33248509  0.15618823]
[-0.03923434 -0.24725919]
[-0.56025112  0.07414461]
[-0.18498067  0.17390336]
[ 0.23695144 -0.67827318]
[-0.09831334 -0.30652745]
[-0.09831334 -0.30652745]
[-0.18278214 -0.04358781]
[ 0.14575265 -0.09330118]
[ 0.89152474  0.38410768]
[ 0.23695144 -0.67827318]
[-0.01282818 -0.06745776]
[-0.08904972  0.04205126]
[ 0.41077066  0.24569235]
[ 0.2951255   0.41079524]
[-0.14810814  0.29424337]
[ 0.05690718  0.44596637]
[ 0.23695144 -0.67827318]
[ 0.07352313  0.22611478]
[ 0.23695144 -0.67827318]
[-0.09831334 -0.30652745]
[-0.09831334 -0.30652745]
[ 0.16139192 -0.1691932 ]
[-0.22036717  0.24439455]
[-0.09831334 -0.30652745]
[ 0.30218497 -0.08059152]
[ 0.49130962  0.33807575]
[ 0.34437948 -0.36780849]
[-0.30517995 -0.15863277]
[-0.34765664  0.24382691]
[ 0.89152474  0.38410768]
[ 0.16139192 -0.1691932 ]
[ 0.04597473 -0.24824904]
[-0.30323737  0.45437703]
[ 0.00485233  0.06700714]
[ 0.89152474  0.38410768]
[-0.422421    0.04419318]
[-0.3433715   0.10786368]
[-0.51389179  0.17937125]
[-0.46890869  0.13666619]
[-0.57028075  0.1670232 ]
[-0.33248509  0.15618823]
[ 0.28189097 -0.28265628]
[ 0.73170498 -0.06246288]
[ 0.73170498 -0.06246288]
[-0.03528804  0.24072623]
[-0.38465925  0.21006425]
[ 0.12324629 -0.51484328]
[-0.47943865  0.17668743]
[ 0.26836003  0.49191723]
[-0.33299503 -0.04417977]
[ 0.23695144 -0.67827318]
[-0.36280327  0.2137503 ]
[ 0.0725649   0.20737687]
[ 0.89152474  0.38410768]
[-0.56504569  0.08324124]
[-0.33199391  0.05142183]
[-0.30517995 -0.15863277]
[-0.42210296  0.17698804]
[ 1.52471536  0.94787172]
[ 0.38230318  0.09272688]
[ 0.73170498 -0.06246288]
[ 0.09389826  0.2400726 ]
[ 0.31459555  0.19641838]
[-0.40847512 -0.02542914]
[ 0.32807672 -0.38643099]
[ 0.23695144 -0.67827318]
[ 0.16139192 -0.1691932 ]
[-0.11629477 -0.01428216]
[ 0.16139192 -0.1691932 ]
[ 0.26468625 -0.3147743 ]
[ 0.89165466  0.3841429 ]
[ 0.89152474  0.38410768]
[ 0.89152474  0.38410768]
[ 0.05296591 -0.24208114]
[-0.1357195   0.09327053]
[ 0.23695144 -0.67827318]
[-0.54555178  0.17866894]
[ 0.16139192 -0.1691932 ]
[-0.13058634  0.03856459]
[-0.63611149  0.09892131]
[-0.22786853  0.10718333]
[-0.09831334 -0.30652745]
[ 0.65054974 -0.11812317]
[ 0.31150623 -0.41419684]
[ 0.23695144 -0.67827318]
[ 0.89152474  0.38410768]
[ 0.32598754 -0.39952824]
[-0.30517995 -0.15863277]
[-0.30475452  0.27279338]
[ 0.34461608  0.17376426]
[-0.19349133  0.10615622]
[-0.31434057  0.08382626]
[ 0.73170498 -0.06246288]
[ 0.16139192 -0.1691932 ]
[-0.33904318  0.17269076]
[-0.37456913  0.20476208]
[ 0.09629001 -0.01302026]
[ 0.73170498 -0.06246288]
[-0.70799806  0.10876133]
[ 0.89152474  0.38410768]
[-0.39626199  0.04713465]
[ 0.16139192 -0.1691932 ]
[ 0.89152474  0.38410768]
[ 0.44670322 -0.27902596]
[ 0.16139192 -0.1691932 ]
[-0.29224694  0.08600697]
[ 0.16139192 -0.1691932 ]
[ 0.23695144 -0.67827318]
[-0.09831334 -0.30652745]
[-0.34817616  0.24355985]
[-0.11725942  0.05548719]
[-0.49582217  0.17736501]
[ 0.89152474  0.38410768]
[-0.45824672  0.14844953]
[-0.51639517  0.10477065]
[ 0.24586063 -0.4321329 ]
[-0.12011661 -0.06672256]
[-0.09831334 -0.30652745]
[-0.09831334 -0.30652745]
[-0.13616592  0.34063744]
[-0.06193194  0.23915877]
[-0.09831334 -0.30652745]
[-0.78386482  0.07294187]
[ 0.24586063 -0.4321329 ]
[-0.38964875  0.10430687]
[-0.09831334 -0.30652745]
[-0.59434111  0.13403879]
[ 0.23695144 -0.67827318]
[ 0.2824701   0.03493775]
[-0.40370649  0.07094671]
[-0.52261138  0.12330667]
[ 0.89152474  0.38410768]
[-0.34385217  0.20375147]
[-0.42210296  0.17698804]
[-0.34821109  0.21650615]
[-0.12383099 -0.07591161]
[-0.02606361  0.15776122]
[ 0.23695144 -0.67827318]
[ 0.23695144 -0.67827318]
[-0.30517995 -0.15863277]
[-0.30517995 -0.15863277]
[ 0.89152474  0.38410768]
[-0.22742997  0.16127233]
[ 0.24586063 -0.4321329 ]
[-0.29224694  0.08600697]
[ 0.89152474  0.38410768]
[-0.37219503  0.05245642]
[-0.3483195   0.22473044]
[-0.70742103  0.25844851]
[-0.53164196  0.13359086]
[ 0.16139192 -0.1691932 ]
[ 0.16139192 -0.1691932 ]
[ 0.89152474  0.38410768]
[ 0.89152474  0.38410768]
[-0.1375781   0.36761642]
[-0.59322417  0.19566475]
[-0.09831334 -0.30652745]
[ 0.09887905  0.27559027]
[-0.33248509  0.15618823]
[-0.09831334 -0.30652745]
[ 0.89152474  0.38410768]
[ 0.17493461 -0.15670621]
[-0.53534581 -0.08095938]
[-0.06459465  0.25663558]
[-0.16090464  0.08489288]
[-0.09831334 -0.30652745]
[ 0.23695144 -0.67827318]
[ 0.14379267 -0.26985177]
[ 0.08494557  0.23418481]
[-0.53447274  0.27790044]
[ 0.16139192 -0.1691932 ]
[-0.70290006  0.24378477]
[ 0.89152474  0.38410768]
[-0.04860973 -0.07500529]
[ 0.12349472 -0.11620953]
[-0.12792634  0.07729096]
[-0.46946508  0.13731399]
[ 0.42388479  0.33140936]
[-0.29224694  0.08600697]
[ 0.03108228  0.04311969]
[-0.29224694  0.08600697]
[ 0.17589635  0.19406671]
[-0.02206823  0.22455417]
[-0.33248509  0.15618823]
[-0.66560705  0.17107651]
[-0.49582217  0.17736501]
[ 0.16139192 -0.1691932 ]
[-0.29224694  0.08600697]
[-0.42210296  0.17698804]
[-0.32996975  0.15827842]
[-0.53777416  0.24087998]
[ 0.24586063 -0.4321329 ]
[-0.18278214 -0.04358781]
[ 0.73170498 -0.06246288]
[-0.49582217  0.17736501]
[-0.09831334 -0.30652745]
[-0.13737701  0.00396042]
[-0.30214981  0.12614981]
[-0.15012051  0.31535773]
[-0.59945081  0.14043993]
[ 0.07436549 -0.02325139]
[ 0.40162217 -0.3278436 ]
[ 0.16139192 -0.1691932 ]
[ 0.16139192 -0.1691932 ]
[ 0.16139192 -0.1691932 ]
[ 0.12919153 -0.01400807]
[ 0.07554012 -0.07970699]
[-0.42782609  0.10905685]
[-0.34786094  0.24372473]
[ 0.00633216 -0.05856177]
[-0.33248509  0.15618823]
[ 0.23695144 -0.67827318]
[ 0.89152474  0.38410768]
[ 0.89152474  0.38410768]
[-0.02526293 -0.16179843]
[-0.1418863   0.36346084]
[ 0.89152474  0.38410768]
[-0.42777691  0.25280658]
[ 0.89152474  0.38410768]
[-0.13864993  0.02658843]
[-0.09831334 -0.30652745]
[ 0.16139192 -0.1691932 ]
[ 0.16139192 -0.1691932 ]
[-0.19217161  0.04736018]
[ 0.12363711 -0.03162941]
[ 0.49457399  0.33971052]
[-0.00594737  0.15890215]
[-0.04416903  0.12462369]
[ 0.23695144 -0.67827318]
[-0.25019079  0.24853569]
[-0.30517995 -0.15863277]
[-0.09831334 -0.30652745]
[ 0.23695144 -0.67827318]
[-0.04829427  0.11719737]
[ 0.10970372 -0.12697276]
[-0.34826849  0.22440249]
[-0.29224694  0.08600697]
[ 0.12127489  0.03441747]
[-0.38964875  0.10430687]
[-0.19154873  0.10927976]
[-0.49582217  0.17736501]
[-0.17867197  0.04442863]
[ 0.23695144 -0.67827318]
[-0.14938654 -0.28325016]
[-0.37325942  0.13226388]
[ 0.23695144 -0.67827318]
[ 0.73170498 -0.06246288]
[ 0.23695144 -0.67827318]
[-0.30517995 -0.15863277]
[-0.30517995 -0.15863277]
[-0.53877751  0.14900516]
[-0.19838446  0.11909319]
[-0.52849395  0.17922198]
[-0.19251     0.10653137]
[-0.09995096  0.21585547]
[ 0.16139192 -0.1691932 ]
[ 0.23695144 -0.67827318]
[-0.3728268  -0.05158795]
[-0.32115416  0.26086348]
[-0.42210296  0.17698804]
[ 0.16139192 -0.1691932 ]
[ 0.35388099 -0.51154251]
[-0.30805405  0.12882847]
[-0.45451294 -0.03289392]
[-0.3489958   0.21058953]
[-0.02249192  0.007561  ]
[ 0.23695144 -0.67827318]
[ 0.33867959  0.23582725]
[-0.67142153  0.18089173]
[ 0.01320389  0.21423963]
[ 0.23695144 -0.67827318]
[ 0.57715081 -0.04465561]
[-0.22285787  0.01528838]
[-0.69488075  0.1062311 ]
[-0.10674784  0.20870901]
[ 0.89152474  0.38410768]
[-0.1243812  -0.28069789]
[ 0.23695144 -0.67827318]
[-0.09831334 -0.30652745]
[-0.12875122 -0.02718595]
[ 0.05789551 -0.22169693]
[-0.11607309 -0.0547297 ]
[-0.26054551  0.10231832]
[ 0.10458083  0.29672159]
[ 0.23695144 -0.67827318]
[-0.12011661 -0.06672256]
[ 0.89152474  0.38410768]
[-0.23071363 -0.00214499]
[-0.14402163  0.11783323]
[-0.1515824   0.09674883]
[ 0.89152474  0.38410768]
[ 0.73170499 -0.06246328]
[ 0.16139192 -0.1691932 ]
[ 0.23695144 -0.67827318]
[-0.25714503  0.00179842]
[-0.27566789  0.17846559]
[-0.18278214 -0.04358781]
[-0.25045038  0.0739651 ]
[-0.51678132  0.10060934]
[-0.18278214 -0.04358781]
[-0.34802298  0.21939536]
[-0.08796516 -0.28059816]
[ 0.12373337 -0.11556627]
[-0.29224694  0.08600697]
[-0.30843984  0.29535342]
[-0.40618425  0.10512173]
[-0.09831334 -0.30652745]
[ 0.73170498 -0.06246288]
[-0.13361414  0.03542401]
[ 0.89152474  0.38410768]
[-0.61097734  0.08302405]
[-0.14337176  0.1244459 ]
[ 0.73170498 -0.06246288]
[-0.49504955  0.19426577]
[-0.07626706  0.29735369]
[-0.42210296  0.17698804]
[-0.29224694  0.08600697]
[-0.54305035  0.19476264]
[-0.06085173  0.07054603]
[ 0.37944447  0.29048641]
[-0.25477837  0.07143181]
[ 0.89152474  0.38410768]
[-0.1892595   0.19326622]
[ 0.00188091 -0.07752568]
[ 0.89152474  0.38410768]
[ 0.23695144 -0.67827318]
[ 0.16139192 -0.1691932 ]
[ 0.80234446  0.56406351]
[ 0.06168214 -0.08300452]
[-0.09831334 -0.30652745]
[ 0.11050092  0.04583288]
[-0.61626218  0.21506936]
[-0.71675193  0.22511395]
[ 0.23695144 -0.67827318]
[-0.1587909   0.08718087]
[-0.07723778 -0.03167101]
[-0.18278214 -0.04358781]
[ 0.16139192 -0.1691932 ]
[ 0.89152474  0.38410768]
[-0.44294831  0.21296414]
[-0.70290006  0.24378477]
[ 0.02745068 -0.20980981]
[-0.42210296  0.17698804]
[ 0.38410641  0.10142081]
[ 0.16139192 -0.1691932 ]
[ 0.16139192 -0.1691932 ]
[ 0.24586063 -0.4321329 ]
[ 0.89152474  0.38410768]
[ 0.89152474  0.38410768]
[ 0.89152474  0.38410768]
[ 0.16139192 -0.1691932 ]
[-0.68867114  0.00928125]
[ 0.89179449  0.38410459]
[-0.00965349  0.2519854 ]
[ 0.89152474  0.38410768]
[ 0.24586063 -0.4321329 ]
[ 0.11868053  0.08550827]
[-0.18278214 -0.04358781]
[ 0.13684003  0.38297886]
[-0.38964875  0.10430687]
[-0.42210296  0.17698804]
[ 0.24586063 -0.4321329 ]
[ 0.14053006 -0.269256  ]
[-0.11728596  0.05516959]
[-0.42210296  0.17698804]
[ 0.12390568 -0.00820658]
[-0.35143115  0.07888207]
[ 0.73170498 -0.06246288]
[-0.27533817  0.10143138]
[-0.09831334 -0.30652745]
[ 0.23695144 -0.67827318]
[-0.35811068  0.1021164 ]
[ 0.16139192 -0.1691932 ]
[ 0.00711787 -0.02783671]
[-0.12011661 -0.06672256]
[-0.33248509  0.15618823]
[ 0.05690718  0.44596637]
[ 0.89152474  0.38410768]
[-0.33248509  0.15618823]
[ 0.34437946 -0.36780813]
[ 0.51420098  0.64958494]
[-0.0771346   0.28748134]
[-0.0177084  -0.14716068]
[-0.11511956 -0.01416508]
[-0.66659273  0.22762989]
[-0.00627502 -0.2121133 ]
[-0.61909429  0.13259327]
[-0.0137371   0.10931137]
[ 0.44611482 -0.00810861]
[ 0.89152474  0.38410768]
[ 0.37894245 -0.33518311]
[ 0.23695144 -0.67827318]
[ 0.24586063 -0.4321329 ]
[-0.18278214 -0.04358781]
[-0.6006837   0.16411266]
[-0.30517995 -0.15863277]
[-0.05038886  0.11331792]
[ 0.44572526  0.32574584]
[-0.29224694  0.08600697]
[-0.09824342  0.01972993]
[ 0.89152474  0.38410768]
[-0.23778166  0.1224176 ]
[ 0.83612006  0.56639108]
[ 0.73170498 -0.06246288]
[ 0.23695144 -0.67827318]
[-0.33248509  0.15618823]
[-0.33248509  0.15618823]
[-0.45179035  0.19115219]
[ 0.23695144 -0.67827318]
[ 0.89152474  0.38410768]
[-0.16107499  0.30305544]
[-0.03910162  0.28376778]
[ 0.24586063 -0.4321329 ]
[-0.42210296  0.17698804]
[-0.26213028  0.09740719]
[-0.09831334 -0.30652745]
[ 0.86628682  0.33377283]
[-0.60167145  0.14841835]
[ 0.17670465 -0.08762718]
[-0.69978315  0.25539002]
[-0.44969358  0.12098663]
[ 0.89152474  0.38410768]
[ 0.09573755 -0.14333899]
[ 0.16139192 -0.1691932 ]
[ 0.49460592  0.33972726]
[-0.49582217  0.17736501]
[-0.14458242  0.12251706]
[ 0.23692049  0.24049283]
[-0.09831334 -0.30652745]
[-0.14980892 -0.08749663]
[-0.09534307 -0.26062337]
[ 0.73170498 -0.06246288]
[ 0.89152474  0.38410768]
[-0.04342939  0.12593708]
[-0.18278214 -0.04358781]
[-0.30517995 -0.15863277]
[-0.14634969  0.1078035 ]
[ 0.00548363  0.30385181]
[-0.49582217  0.17736501]
[-0.38964875  0.10430687]
[ 0.89152474  0.38410768]
[ 0.03998532 -0.05683281]
[-0.09831334 -0.30652745]
[-0.11493396  0.02538503]
[-0.2526294   0.10766308]
[ 0.23695144 -0.67827318]
[-0.28078229  0.27915002]
[-0.09831334 -0.30652745]
[-0.01495418 -0.25655464]
[-0.16343316  0.01325388]
[ 0.16365606  0.19801047]
[ 0.02156275 -0.07022628]
[ 0.11767868  0.04788095]
[ 0.23695144 -0.67827318]
[-0.61901904  0.10897185]
[ 0.23695144 -0.67827318]
[ 0.16139192 -0.1691932 ]
[-0.30517995 -0.15863277]
[ 0.23695144 -0.67827318]
[-0.13068642 -0.03396526]
[-0.4188439  0.0844817]
[-0.41002628  0.12808175]
[-0.49582217  0.177365  ]
[-0.56901809  0.04104568]
[-0.55392682  0.24425449]
[ 0.89152474  0.38410768]
[ 0.16139192 -0.1691932 ]
[-0.42210296  0.17698804]
[-0.09669251  0.22079815]
[-0.272377   -0.17419517]
[ 0.23695144 -0.67827318]
[-0.28328982  0.2522598 ]
[-0.49582217  0.177365  ]
[-0.29224695  0.08600696]
[ 0.16139192 -0.1691932 ]
[ 0.59269142  0.38471874]
[-0.49582217  0.177365  ]
[-0.30517995 -0.15863277]
[ 0.23695144 -0.67827318]
[ 0.73170498 -0.06246288]
[ 0.23695144 -0.67827318]
[ 0.46483494  0.32893653]
[-0.71908302  0.13410944]
[-0.35965935  0.10173359]
[ 0.89152474  0.38410768]
[-0.15592852  0.14954759]
[-0.01994467 -0.23929616]
[-0.49582217  0.17736501]
[-0.09831334 -0.30652745]
[ 0.23695144 -0.67827318]
[-0.19085066  0.04453366]
[ 0.34794919 -0.09408139]
[-0.68723832  0.11475316]
[ 0.23695144 -0.67827318]
[ 0.01846719 -0.25489395]
[ 0.89152474  0.38410768]
[-0.09831334 -0.30652745]
[-0.19400976  0.04922951]
[-0.18278214 -0.04358781]
[-0.24713074  0.10432712]
[-0.65496937 -0.03652874]
[ 0.23695144 -0.67827318]
[-0.19978553 -0.11568435]
[-0.69978315  0.25539002]
[-0.71325686  0.14287077]
[ 0.89152474  0.38410768]
[-0.38964875  0.10430687]
[-0.42522751 -0.04478242]
[-0.04771819  0.26257999]
[-0.06017497 -0.13264091]
[ 0.23695144 -0.67827318]
[-0.13240178  0.05317226]
[ 0.00142812  0.39925722]
[-0.42237361 -0.00081072]
[-0.13294442 -0.29809556]
[ 0.23695144 -0.67827318]
[-0.29224695  0.08600696]
[-0.37795217 -0.33677025]
[ 0.89152474  0.38410768]
[ 0.00479647  0.01353917]
[-0.66628651  0.1116702 ]
[ 0.89152474  0.38410768]
[-0.09831334 -0.30652745]
[-0.39507152 -0.04346884]
[-0.33248509  0.15618823]
[-0.30231553  0.11175473]
[-0.49668754  0.21231934]
[-0.53647175  0.15201531]
[-0.09831334 -0.30652745]
[-0.52885529 -0.05218656]
[-0.09733113  0.22994255]
[-0.33248509  0.15618823]
[-0.43492758  0.13466651]
[-0.30517995 -0.15863277]
[ 0.89152474  0.38410768]
[ 0.29201386  0.07500367]
[ 0.3053269  -0.07897115]
[-0.03249733  0.18522005]
[-0.34804194  0.22217598]
[-0.56315986  0.10876548]
[-0.18278214 -0.04358781]
[-0.19136957  0.10842553]
[ 0.89152474  0.38410768]
[-0.15673924  0.00768322]
[-0.23738455 -0.21438974]
[-0.65630099  0.1420753 ]
[-0.00419742 -0.23869481]
[-0.17632849  0.25853399]
[-0.30517995 -0.15863277]
[-0.09831334 -0.30652745]
[-0.36137538  0.10475634]
[-0.18278214 -0.04358781]
[ 0.16139192 -0.1691932 ]
[-0.26296575  0.09808686]
[-0.09831334 -0.30652745]
[-0.44659535 -0.15601126]
[-0.33248509  0.15618823]
[ 0.23695144 -0.67827318]
[-0.69978315  0.25539002]
[ 0.16139192 -0.1691932 ]
[ 0.13517607 -0.06534718]
[ 0.23695144 -0.67827318]
[ 0.89152474  0.38410768]
[ 0.23695144 -0.67827318]
[ 0.89152474  0.38410768]
[-0.33828328 -0.01974697]
[-0.47478225  0.10558781]
[-0.30517995 -0.15863277]
[-0.35552489  0.1043862 ]
[ 0.23695144 -0.67827318]
[ 0.89152474  0.38410768]
[ 0.16139192 -0.1691932 ]
[-0.18278214 -0.04358781]
[-0.05925683  0.29506725]
[ 1.08214999  0.43611006]
[-0.11370988  0.03434788]
[-0.49582217  0.17736501]
[-0.18165974  0.11580095]
[-0.0041491  -0.10081923]
[ 0.3432095  -0.36715261]
[-0.33248509  0.15618823]
[ 0.23695144 -0.67827318]
[ 0.2799437   0.16300024]
[-0.29224694  0.08600697]
[ 0.17313072 -0.1382372 ]
[-0.35130208  0.24093539]
[-0.17490546  0.30506316]
[-0.0891732   0.24514259]
[-0.69978315  0.25539002]
[-0.09831334 -0.30652745]
[ 0.16139192 -0.1691932 ]
[ 0.16139192 -0.1691932 ]
[-0.42221195  0.22235368]
[ 0.89152474  0.38410768]
[ 0.48161514  0.02875786]
[ 0.23695144 -0.67827318]
[-0.09831334 -0.30652745]
[-0.05123734  0.00553543]
[ 0.73170498 -0.06246288]
[ 0.57778467  0.45844594]
[ 0.16139192 -0.1691932 ]
[-0.75690239  0.12287121]
[ 0.23695144 -0.67827318]
[-0.06235487  0.07534109]
[-0.11313022  0.34218079]
[ 0.23695144 -0.67827318]
[ 0.73170498 -0.06246288]
[ 0.89152474  0.38410768]
[ 0.27433594 -0.09373993]
[-0.26783983  0.16117337]
[-0.69978315  0.25539002]
[-0.2480762  -0.01944294]
[ 0.16251228 -0.16820402]
[-0.38964875  0.10430687]
[-0.03988782 -0.01325372]
[-0.18278214 -0.04358781]
[ 0.16139192 -0.1691932 ]
[ 0.16139192 -0.1691932 ]
[ 0.89152474  0.38410768]
[-0.01056348 -0.22973716]
[ 0.57715081 -0.04465561]
[-0.00601854 -0.22079263]
[ 0.24586063 -0.4321329 ]
[-0.18278214 -0.04358781]
[-0.11310104  0.34226677]
[-0.38886922  0.27356424]
[ 0.16139192 -0.1691932 ]
[ 0.23523936  0.18821224]
[ 0.89146629  0.37368479]
[-0.05202147 -0.01868402]
[-0.03683482 -0.020802  ]
[-0.29224694  0.08600697]
[-0.01067268 -0.27863596]
[ 0.16139192 -0.1691932 ]
[-0.29224694  0.08600697]
[ 0.22674242 -0.39673884]
[ 0.89167366  0.38414299]
[ 0.17826223  0.09316955]
[-0.44364478  0.01324778]
[ 0.23695144 -0.67827318]
[-0.38218643  0.08832167]
[ 0.24586063 -0.4321329 ]
[ 0.23695144 -0.67827318]
[ 0.24586063 -0.4321329 ]
[-0.29224694  0.08600697]
[ 0.23695144 -0.67827318]
[ 0.20993292  0.23586832]
[-0.14962513  0.06077839]
[-0.0448359   0.07927338]
[-0.42111793  0.16467222]
[-0.33248509  0.15618823]
[ 0.89152474  0.38410768]
[ 0.03324766  0.11256332]
[-0.09831334 -0.30652745]
[-0.52536139  0.11277399]
[-0.09641416  0.22053272]
[-0.18278214 -0.04358781]
[ 0.73170498 -0.06246288]
[-0.57914868  0.23287002]
[ 0.11969773 -0.0128423 ]
[-0.42210296  0.17698804]
[-0.14551836  0.11052548]
[ 0.23695144 -0.67827318]
[-0.25261635  0.09086205]
[-0.09831334 -0.30652745]
[-0.0077018  -0.25571975]
[ 0.89193407  0.38396361]
[-0.38164401  0.21737471]
[ 0.73170498 -0.06246288]
[-0.29224694  0.08600697]
[ 0.03491631 -0.2633128 ]
[-0.14028241  0.365181  ]
[ 0.89152474  0.38410768]
[ 0.16249409 -0.1207794 ]
[-0.35881184 -0.09880453]
[-0.09831334 -0.30652745]
[ 0.23695144 -0.67827318]
[-0.19349574 -0.15159539]
[-0.18278214 -0.04358781]
[ 0.07737209 -0.16199727]
[-0.66260137  0.12944997]
[ 0.12463046 -0.03803484]
[ 0.23695144 -0.67827318]
[-0.4173777   0.16855083]
[-0.29224694  0.08600697]
[-0.27095278  0.09004874]
[-0.34612078  0.05658865]
[-0.02334349  0.16337592]
[-0.43477053  0.11539968]
[-0.38964875  0.10430687]
[ 0.53161794  0.04184799]
[ 0.40162238 -0.32784356]
[-0.47078068  0.13487293]
[ 0.31420337 -0.41338245]
[-0.2998267   0.15912859]
[ 0.16139192 -0.1691932 ]
[-0.44007805  0.13199115]
[ 1.21696677  0.45798734]
[-0.18278214 -0.04358781]
[-0.0042418   0.23130028]
[-0.09831334 -0.30652745]
[ 0.89152474  0.38410768]
[-0.11898004  0.0522323 ]
[ 0.23695144 -0.67827318]
[ 0.89152474  0.38410768]
[-0.09080378  0.06643324]
[-0.01495284 -0.25654703]
[-0.18278214 -0.04358781]
[-0.11841373  0.24647494]
[-0.49582217  0.17736501]
[ 0.16139192 -0.1691932 ]
[-0.64759994  0.11977397]
[-0.58451611  0.24332771]
[ 0.21964264  0.14107237]
[-0.33248509  0.15618823]
[-0.18278214 -0.04358781]
[-0.89435715  0.16321756]
[ 0.16139192 -0.1691932 ]
[-0.49582217  0.177365  ]
[-0.09831334 -0.30652745]
[ 0.73170498 -0.06246288]
[-0.11604018  0.23307   ]
[-0.14340628 -0.07167934]
[-0.36946219  0.19272719]
[ 0.17322517 -0.03834893]
[ 0.85572303  0.32645712]
[-0.09831334 -0.30652745]
[ 0.38176665  0.09080403]
[-0.49582217  0.17736501]
[ 0.73170498 -0.06246288]
[ 0.12083739  0.14569524]
[-0.54201608  0.15374109]
[-0.17261393  0.00985228]
[ 0.23695144 -0.67827318]
[ 0.23695144 -0.67827318]
[ 0.89152474  0.38410768]
[ 0.89013577  0.35980669]
[-0.38822113  0.0885907 ]
[-0.02022932  0.1702847 ]
[-0.48569525  0.16181507]
[ 0.16139192 -0.1691932 ]
[-0.32365951  0.15420432]
[ 0.23695144 -0.67827318]
[-0.09596472  0.03093273]
[ 0.73170498 -0.06246288]
[-0.14346858  0.12304133]
[ 0.44533017  0.10826416]
[-0.38940004  0.13434433]
[-0.3536348   0.22888762]
[ 0.89152474  0.38410768]
[-0.29224694  0.08600697]
[-0.2948541   0.03212415]
[-0.16134825  0.05856436]
[ 0.11934969 -0.03697664]
[ 0.16139192 -0.1691932 ]
[-0.00789471  0.20500571]
[-0.21665761  0.16482239]
[ 0.13603318  0.38425324]
[-0.33098373  0.38279777]
[-0.38224957  0.131808  ]
[-0.30517995 -0.15863277]
[-0.08639138  0.23340268]
[-0.01342233 -0.08899968]
[-0.49582217  0.17736501]
[ 0.61751966 -0.12490809]
[-0.29224695  0.08600696]
[-0.41983875  0.10273959]
[ 0.16139192 -0.1691932 ]
[-0.29224695  0.08600696]
[-0.07993587 -0.36906955]
[-0.11766341  0.05414763]
[ 0.23695144 -0.67827318]
[-0.54180773  0.19585624]
[ 0.06530179  0.20735959]
[ 0.11749168 -0.0521881 ]
[-0.39228491  0.06235616]
[-0.09831334 -0.30652745]
[ 0.16139192 -0.1691932 ]
[ 0.10719532 -0.00243895]
[-0.5797978   0.12294017]
[ 0.23695144 -0.67827318]
[ 0.16139192 -0.1691932 ]
[-0.33248509  0.15618823]
[-0.29224694  0.08600697]
[-0.41092406  0.16007984]
[ 0.16139192 -0.1691932 ]
[-0.37564587  0.20377808]
[ 0.23695144 -0.67827318]
[ 0.39429846 -0.00178106]
[-0.3694329   0.12147654]
[-0.18278214 -0.04358781]
[ 0.16139192 -0.1691932 ]
[ 0.03276964 -0.0433164 ]
[ 0.23695144 -0.67827318]
[ 0.23695144 -0.67827318]
[-0.17632896  0.25853441]
[-0.33248509  0.15618823]
[-0.15340813  0.27082988]
[ 0.23695144 -0.67827318]
[-0.38964875  0.10430687]
[-0.3150582   0.17441916]
[-0.2180424  -0.05485204]
[-0.08814232  0.05888093]
[-0.88485257  0.15518607]
[-0.0450785  -0.11857951]
[ 0.00251277  0.27938563]
[ 0.1522309  -0.30249758]
[-0.15163277  0.14023074]
[ 0.07717629  0.22348586]
[ 0.89152474  0.38410768]
[-0.18278214 -0.04358781]
[-0.0821458   0.27401629]
[-0.33248509  0.15618823]
[ 0.16139192 -0.1691932 ]
[ 0.89152474  0.38410768]
[-0.49242307  0.11556816]
[ 0.24586063 -0.4321329 ]
[ 0.377932    0.23328373]
[ 0.23695144 -0.67827318]
[-0.27364333  0.08038413]
[ 0.23737341 -0.67744636]
[-0.29118996  0.16439177]
[-0.29224695  0.08600696]
[-0.03851216  0.1221681 ]
[ 0.34437937 -0.36780832]
[-0.31913755  0.15932169]
[ 0.73170498 -0.06246288]
[-0.07715483 -0.04606513]
[-0.38964875  0.10430687]
[-0.43423226  0.10575434]
[-0.49582217  0.17736501]
[ 0.521053    0.01588884]
[ 0.62682142  0.35661707]
[-0.29607268  0.11166025]
[ 0.23695144 -0.67827318]
[-0.48566539  0.09229948]
[ 0.89152474  0.38410768]
[ 0.33078077 -0.39376778]
[-0.04175922  0.1807776 ]
[-0.28328895  0.17064739]
[-0.28098715  0.27905406]
[-0.33248509  0.15618823]
[ 0.23695144 -0.67827318]
[ 0.23695144 -0.67827318]
[-0.09831334 -0.30652745]
[-0.45427458  0.17316983]
[-0.49208712  0.12637339]
[-0.18952456  0.03569366]
[ 0.89152474  0.38410768]
[-0.38964875  0.10430687]
[ 0.18148326 -0.26816967]
[-0.31501912  0.11779124]
[ 0.16139192 -0.1691932 ]
[ 0.89152474  0.38410768]
[-0.38686136 -0.58291054]
[-0.09831334 -0.30652745]
[-0.38964876  0.10430688]
[-0.67614827  0.26724359]
[ 0.23695144 -0.67827318]
[ 0.16208903 -0.1685553 ]
[ 0.16139192 -0.1691932 ]
[-0.04838953  0.11703721]
[-0.68320556  0.26643579]
[-0.58107775  0.16695568]
[-0.33248509  0.15618823]
[-0.29224694  0.08600697]
[ 0.89152474  0.38410768]
[-0.33248509  0.15618823]
[-0.38686136 -0.58291054]
[-0.29224694  0.08600697]
[ 0.89152474  0.38410768]
[-0.34535533  0.042248  ]
[-0.46469847  0.12846779]
[-0.16311845  0.03542501]
[ 0.40614671  0.13825977]
[-0.49582217  0.17736501]
[-0.1560309   0.00803671]
[-0.48034843 -0.08409255]
[ 0.16139192 -0.1691932 ]
[ 0.05867918  0.00434403]
[-0.66167496  0.08602418]
[-0.42210296  0.17698804]
[ 0.89152474  0.38410768]
[-0.43120679  0.14696394]
[-0.19976887  0.08041382]
[ 0.89152474  0.38410768]
[ 0.35022296  0.10203399]
[-0.34271471  0.10748467]
[-0.09831334 -0.30652745]
[-0.09831334 -0.30652745]
[-0.09332357  0.0028122 ]
[ 0.00883807 -0.03733373]
[-0.56152427  0.07054331]
[-0.44045433  0.12293274]
[ 0.73170498 -0.06246288]
[-0.30517995 -0.15863277]
[ 0.89152474  0.38410768]
[-0.09831334 -0.30652745]
[ 0.23695144 -0.67827318]
[ 0.23695144 -0.67827318]
[ 0.0569087   0.44597064]
[-0.09064829  0.25357804]
[-0.43929873  0.26188085]
[-0.48301833  0.15771943]
[-0.21492266  0.09759561]
[ 0.27994369  0.16300026]
[-0.33248509  0.15618823]
[ 0.57628461  0.32767994]
[ 0.23695144 -0.67827318]
[-0.20164084  0.06576569]
[ 0.89152474  0.38410768]
[-0.31750395  0.05043677]
[ 0.23695144 -0.67827318]
[-0.67657877  0.26493286]
[-0.47431269  0.12656805]
[ 0.17457987 -0.15741441]
[-0.02306419  0.16397197]
[-0.52506529  0.19670598]
[-0.81091181  0.3063074 ]
[ 0.23695144 -0.67827318]
[ 0.215171   -0.59332261]
[ 0.23695144 -0.67827318]
[ 0.03547531 -0.07557118]
[ 0.16139192 -0.1691932 ]
[-0.01495284 -0.25654703]
[ 0.08335753 -0.07538755]
[ 0.23519191  0.24019794]
[-0.18278214 -0.04358781]
[-0.01084579 -0.08589441]
[ 0.09632224 -0.01297601]
[-0.49582217  0.177365  ]
[ 0.89152474  0.38410768]
[-0.09831334 -0.30652745]
[ 0.02192348 -0.0800926 ]
[-0.38686136 -0.58291054]
[-0.327276  0.166468]
[-0.27677593  0.27449081]
[ 0.16139192 -0.1691932 ]
[ 0.2129652  -0.21979328]
[-0.48532019  0.21596448]
[ 0.24586063 -0.4321329 ]
[ 0.24586063 -0.4321329 ]
[ 0.08693445  0.28191824]
[-0.09831334 -0.30652745]
[ 0.05131836 -0.18385495]
[-0.38964876  0.10430688]
[ 0.0689265  -0.07384327]
[-0.11423585  0.1494573 ]
[-0.30517995 -0.15863277]
[ 0.47134902  0.04288543]
[-0.18278214 -0.04358781]
[ 0.89152474  0.38410768]
[-0.09831334 -0.30652745]
[-0.45207922  0.19038339]
[-0.49582217  0.17736501]
[-0.09831334 -0.30652745]
[-0.35654256  0.12102296]
[-0.07163676  0.27138359]
[-0.51677971  0.10474441]
[ 0.23695144 -0.67827318]
[-0.09673168 -0.07156912]
[-0.22381045  0.24526509]
[-0.04181236 -0.15793588]
[-0.5225526   0.10233364]
[ 0.87883134  0.32401016]
[ 0.23695144 -0.67827318]
[ 0.73170498 -0.06246288]
[-0.09711112  0.23069807]
[ 0.38447694  0.10691947]
[-0.20322808  0.12732987]
[-0.09831334 -0.30652745]
[ 0.16139192 -0.1691932 ]
[ 0.89221739  0.37883617]
[ 0.11942599 -0.0166266 ]
[-0.13546343  0.36905425]
[-0.69978315  0.25539002]
[ 0.23695144 -0.67827318]
[-0.29539868  0.1306882 ]
[ 0.27439318  0.48949616]
[-0.09831334 -0.30652745]
[-0.30517995 -0.15863277]
[ 0.89152474  0.38410768]
[ 0.26434587 -0.19850053]
[ 0.0672809   0.13562656]
[-0.4188439   0.08448172]
[-0.09831334 -0.30652745]
[-0.20009615 -0.00312852]
[ 0.27116924 -0.09463615]
[-0.05034632  0.21537863]
[ 0.89152474  0.38410768]
[-0.34083353  0.14647579]
[-0.04004038 -0.15977109]
[-0.42210296  0.17698804]
[-0.4683218   0.14520809]
[-0.3486402   0.21287582]
[-0.29224695  0.08600696]
[ 1.25972284  0.3874881 ]
[-0.13083736  0.05371123]
[-0.29224695  0.08600696]
[ 0.23695144 -0.67827318]
[ 0.89152474  0.38410768]
[ 0.06787925  0.1909547 ]
[ 0.73170498 -0.06246288]
[ 0.16447454  0.25335754]
[ 0.89152474  0.38410768]
[-0.18278214 -0.04358781]
[-0.03783085  0.02873495]
[ 0.32810373  0.18770291]
[ 0.89152474  0.38410768]
[-0.28513895 -0.19458585]
[-0.22774544  0.16362871]
[ 0.89152474  0.38410768]
[-0.33570607  0.08591902]
[-0.35748569  0.0162502 ]
[ 0.89152474  0.38410768]
[-0.44749153  0.04522546]
[-0.07837256  0.10890834]
[ 0.23695144 -0.67827318]
[ 0.16139192 -0.1691932 ]
[-0.18278214 -0.04358781]
[ 0.16139192 -0.1691932 ]
[ 0.49318855  0.01871741]
[ 0.28735179 -0.29034918]
[ 0.16139192 -0.1691932 ]
[-0.34304389  0.10632551]
[-0.42210296  0.17698804]
[-0.27992528 -0.01927638]
[ 0.24586063 -0.4321329 ]
[ 0.23695144 -0.67827318]
[-0.52604984  0.07686591]
[ 0.23695144 -0.67827318]
[-0.29224694  0.08600697]
[-0.49079424  0.16510299]
[-0.26814716  0.02771937]
[-0.68906043  0.14830324]
[-0.74242873  0.09906644]
[-0.62008359  0.0905402 ]
[-0.05210894 -0.2590579 ]
[ 0.0804589  -0.07567481]
[-0.18278214 -0.04358781]
[-0.29224694  0.08600697]
[ 0.33534211  0.18456534]
[ -5.82189107e-06  -2.38383288e-01]
[-0.51094665  0.26308062]
[ 0.66869426  0.41437105]
[-0.33248509  0.15618823]
[-0.33248509  0.15618823]
[ 0.17484686 -0.1424854 ]
[-0.43585299  0.13843207]
[-0.29224694  0.08600697]
[-0.55747078  0.13731516]
[ 0.89152474  0.38410768]
[ 0.07639088  0.19516132]
[ 0.0094075  -0.21927217]
[-0.67583852  0.2657555 ]
[-0.4117896   0.23223278]
[ 0.73170384 -0.06246239]
[-0.69978315  0.25539002]
[-0.09831334 -0.30652745]
[ 0.89152474  0.38410768]
[ 0.35929601  0.1197373 ]
[-0.2525006  0.1147592]
[ 0.16139192 -0.1691932 ]
[-0.34830356  0.22460816]
[ 0.16139192 -0.1691932 ]
[ 0.27611995 -0.14795941]
[-0.01213941  0.191118  ]
[-0.38964875  0.10430687]
[-0.30517995 -0.15863277]
[ 0.23695144 -0.67827318]
[-0.10768139  0.05324501]
[-0.1201166  -0.06672259]
[-0.30517996 -0.15863276]
[-0.49582217  0.17736501]
[-0.09383678  0.10040619]
[-0.04879842  0.11627219]
[ 0.89152474  0.38410768]
[-0.15633556  0.04637635]
[-0.29477484  0.1136696 ]
[ 0.81473126  0.49844462]
[-0.22196662  0.00338893]
[ 0.89152474  0.38410768]
[-0.45336461  0.21293228]
[ 0.23695144 -0.67827318]
[-0.38964875  0.10430687]
[ 0.89152474  0.38410768]
[ 0.23695144 -0.67827318]
[-0.09831334 -0.30652745]
[-0.18278214 -0.04358781]
[-0.01181056 -0.24492207]
[-0.73904029  0.12290693]
[ 0.31610615  0.19858591]
[-0.35423768  0.14811933]
[ 0.09821917  0.04278767]
[-0.20060514  0.01696801]
[-0.01530436  0.18273037]
[ 0.16139192 -0.1691932 ]
[ 0.57715081 -0.04465561]
[ 0.23695144 -0.67827318]
[-0.53298202  0.0853616 ]
[-0.33248509  0.15618823]
[-0.44507279 -0.02860591]
[ 0.6044964   0.30165716]
[ 0.14881735  0.26395099]
[-0.07550834  0.29857968]
[-0.13160778  0.04802727]
[-0.17120214  0.12732892]
[-0.33248509  0.15618823]
[-0.18278214 -0.04358781]
[-0.09831334 -0.30652745]
[ 0.31150623 -0.41419684]
[-0.49582217  0.17736501]
[ 0.73170498 -0.06246288]
[ 0.02949458  0.0874172 ]
[-0.1168183  -0.01150049]
[ 0.16139192 -0.1691932 ]
[-0.34809673  0.21794627]
[ 0.11978431 -0.01617501]
[ 0.89152474  0.38410768]
[ 0.73170498 -0.06246288]
[ 0.11316905  0.01345191]
[ 0.16139192 -0.1691932 ]
[ 0.89152474  0.38410768]
[-0.30517995 -0.15863277]
[-0.33248509  0.15618823]
[-0.45532021  0.11903403]
[-0.37795217 -0.33677025]
[ 0.20133711 -0.0641833 ]
[-0.32044617  0.14135752]
[-0.01787036  0.17601222]
[-0.6781607   0.27126696]
[ 0.23695144 -0.67827318]
[ 0.87183025  0.30867847]
[ 0.31393859 -0.41472439]
[-0.1415692   0.13992347]
[-0.02546697 -0.0518211 ]
[-0.09831334 -0.30652745]
[ 0.89152474  0.38410768]
[-0.16895954  0.02803587]
[-0.12515367 -0.04859315]
[-0.34969101  0.24249565]
[ 0.16139192 -0.1691932 ]
[ 0.01118591 -0.07058414]
[-0.4391615   0.07851326]
[-0.49012865  0.10849925]
[ 0.48638571  0.02182271]
[-0.30517995 -0.15863277]
[-0.66400548  0.11085013]
[-0.09831334 -0.30652745]
[-0.38964875  0.10430687]
[ 0.23695144 -0.67827318]
[-0.10629885  0.05338901]
[ 0.16139192 -0.1691932 ]
[ 0.27246577 -0.41886939]
[ 0.89152474  0.38410768]
[ 0.34437943 -0.36780812]
[ 0.89152474  0.38410768]
[ 0.04156647  0.06383516]
[-0.34817157  0.24356242]
[-0.41880733  0.22721567]
[-0.09831334 -0.30652745]
[ 0.05205759  0.26162986]
[-0.42210296  0.17698804]
[-0.33248509  0.15618823]
[-0.03065674  0.14887227]
[-0.38964875  0.10430687]
[-0.51569262  0.10480191]
[-0.31052759  0.10237994]
[-0.09831334 -0.30652745]
[ 0.16139192 -0.1691932 ]
[-0.18278214 -0.04358781]
[-0.29224694  0.08600697]
[ 0.89152474  0.38410768]
[-0.30517995 -0.15863277]
[-0.432517   -0.05727823]
[ 0.05690718  0.44596637]
[-0.49582217  0.17736501]
[ 0.23695144 -0.67827318]
[-0.18278214 -0.04358781]
[ 0.47072726  0.04389253]
[ 0.16139192 -0.1691932 ]
[-0.27842385  0.16260379]
[ 0.23695144 -0.67827318]
[-0.21736047  0.07339043]
[-0.14332432  0.12524572]
[ 1.13587269  0.59215778]
[ 0.89152474  0.38410768]
[-0.67763081  0.14818707]
[ 0.25427039  0.25147924]
[ 0.23695144 -0.67827318]
[-0.4770037   0.13979802]
[-0.18278214 -0.04358781]
[ 0.35817665  0.12542543]
[-0.18278214 -0.04358781]
[-0.05729802  0.23613398]
[-0.33248509  0.15618823]
[ 0.23695144 -0.67827318]
[-0.33248509  0.15618823]
[-0.02116334  0.04685326]
[-0.44351081 -0.00796049]
[-0.20193168  0.10932437]
[ 0.00200309 -0.07726822]
[ 0.23695144 -0.67827318]
[ 0.35929625  0.11973733]
[-0.38964875  0.10430687]
[ 0.89152474  0.38410768]
[-0.05661503  0.10092501]
[-0.38964875  0.10430687]
[-0.35825332  0.1020772 ]
[ 0.49567126  0.13355222]
[ 0.89152474  0.38410768]
[ 0.10213993 -0.02669481]
[-0.28093535  0.27907858]
[-0.35847597  0.12779274]
[ 0.23695144 -0.67827318]
[ 0.23695144 -0.67827318]
[ 0.11958166 -0.01006415]
[ 0.00265386 -0.23402676]
[ 0.16139192 -0.1691932 ]
[-0.04743246  0.11878184]
[-0.38709163  0.12935718]
[-0.07284589  0.03864086]
[-0.30517995 -0.15863277]
[-0.30517995 -0.15863277]
[-0.61591354  0.21428033]
[-0.54501392  0.26178991]
[-0.32706796 -0.0793963 ]
[-0.14411585  0.11718936]
[-0.48460431  0.12949344]
[-0.49582217  0.17736501]
[ 0.16162522  0.16252117]
[-0.30517995 -0.15863277]
[ 0.31150623 -0.41419684]
[-0.38964875  0.10430687]
[ 0.16139192 -0.1691932 ]
[ 0.30264887 -0.37090381]
[-0.29224694  0.08600697]
[ 0.12202475  0.06141366]
[ 0.16139192 -0.1691932 ]
[-0.19393715 -0.19263843]
[ 0.89152474  0.38410768]
[ 0.89152474  0.38410768]
[-0.25987237  0.10115388]
[ 0.02838633 -0.06189906]
[ 0.16139192 -0.1691932 ]
[ 0.89152474  0.38410768]
[ 0.23695144 -0.67827318]
[-0.09831334 -0.30652745]
[-0.03122627 -0.07912826]
[-0.61040202  0.13513332]
[ 0.89152474  0.38410768]
[-0.07488793  0.04461076]
[-0.43311798 -0.02493921]
[-0.15395021  0.29266202]
[ 0.08554457  0.25126889]
[ 0.23695144 -0.67827318]
[-0.69978315  0.25539002]
[-0.33248509  0.15618823]
[-0.29224694  0.08600697]
[-0.15413815 -0.13948103]
[-0.42210296  0.17698804]
[-0.21313836  0.1281681 ]
[ 0.89152474  0.38410768]
[ 0.16139192 -0.1691932 ]
[ 0.16139192 -0.1691932 ]
[-0.33248509  0.15618823]
[-0.46784253  0.19890359]
[ 0.24586063 -0.4321329 ]
[-0.58029661  0.1132115 ]
[ 0.23695144 -0.67827318]
[-0.56881956  0.04106994]
[ 0.17288012  0.26032892]
[ 0.87878861  0.32390871]
[ 0.07311589  0.206336  ]
[ 0.89152474  0.38410768]
[ 0.89152474  0.38410768]
[-0.04922833  0.04979956]
[-0.26368095  0.09947973]
[ 0.3593996   0.13536173]
[ 0.01986347  0.21728867]
[ 0.16139192 -0.1691932 ]
[-0.14410744  0.36076833]
[-0.27187731  0.08846868]
[ 0.37992669  0.30043143]
[ 0.48644871  0.02171361]
[-0.20428663  0.12894845]
[ 0.23695144 -0.67827318]
[ 0.89152474  0.38410768]
[-0.30517995 -0.15863277]
[-0.09831334 -0.30652745]
[ 0.03165193 -0.06717644]
[-0.18278214 -0.04358781]
[ 0.16139192 -0.1691932 ]
[-0.44514804  0.07789497]
[-0.02124096 -0.11135366]
[-0.30517995 -0.15863277]
[-0.18278214 -0.04358781]
[-0.29224694  0.08600697]
[-0.48760099  0.25855042]
[-0.44850903  0.1604613 ]
[ 0.12919154 -0.01400813]
[-0.09831334 -0.30652745]
[-0.14529421  0.11136538]
[ 0.16139192 -0.1691932 ]
[-0.09831334 -0.30652745]
[-0.18278214 -0.04358781]
[ 0.16139192 -0.1691932 ]
[-0.51642953  0.10164752]
[ 0.89152474  0.38410768]
[ 0.16139192 -0.1691932 ]
[ 0.89152474  0.38410768]
[-0.51246061  0.25779932]
[-0.02173042 -0.06659774]
[-0.47403806  0.07778442]
[ 0.23695144 -0.67827318]
[-0.3020039  0.1222551]
[-0.14316015  0.12892396]
[ 0.12107997  0.03394865]
[ 0.16139192 -0.1691932 ]
[-0.08692098  0.25541954]
[-0.01060238 -0.08216374]
[ 0.41749539  0.23548876]
[-0.18278214 -0.04358781]
[-0.14258503  0.36250392]
[ 0.89152474  0.38410768]
[ 0.00218306 -0.0534747 ]
[ 0.23695144 -0.67827318]
[ 0.33696111  0.21071762]
[-0.43017885  0.11442208]
[-0.29915857  0.12660174]
[ 0.48641566  0.02177097]
[-0.16370794 -0.28771458]
[-0.09831334 -0.30652745]
[-0.04755017 -0.29704854]
[ 0.08071045 -0.07468704]
[-0.12392791 -0.19647359]
[-0.33248509  0.15618823]
[-0.34963799  0.20699567]
[-0.38676454 -0.10424441]
[ 0.14388616  0.37981865]
[-0.30517995 -0.15863277]
[-0.41755163  0.17219374]
[-0.18134342 -0.03882217]
[-0.49582217  0.17736501]
[ 0.73170498 -0.06246288]
[-0.30517995 -0.15863277]
[-0.22102507  0.09252029]
[-0.20221019  0.17013861]
[-0.34743054  0.15397851]
[-0.49582217  0.17736501]
[-0.44980938  0.18017157]
[ 0.24586063 -0.4321329 ]
[ 0.16139192 -0.1691932 ]
[ 0.07870625  0.22756575]
[-0.31246482  0.44519677]
[ 0.06631808  0.21012384]
[-0.37388079  0.19602748]
[ 0.89152474  0.38410768]
[ 0.23695144 -0.67827318]
[-0.49582217  0.17736501]
[ 0.23695144 -0.67827318]
[ 0.01346996 -0.23059571]
[-0.25929268 -0.03718303]
[-0.35848267  0.10201574]
[ 0.16139192 -0.1691932 ]
[-0.01343336  0.10850798]
[-0.09831334 -0.30652745]
[-0.17355124  0.13952166]
[ 0.23695144 -0.67827318]
[-0.33248509  0.15618823]
[-0.30517995 -0.15863277]
[-0.57853316  0.20974135]
[-0.08766221  0.30770365]
[-0.24431817 -0.13606489]
[-0.45150961  0.19096468]
[-0.39082268 -0.05658842]
[ 0.23695144 -0.67827318]
[-0.33248509  0.15618823]
[ 0.40356416  0.12098499]
[ 0.39124611  0.2155854 ]
[-0.20783395  0.19779023]
[-0.26234268  0.07362676]
[ 0.23695144 -0.67827318]
[-0.09831334 -0.30652745]
[-0.09831334 -0.30652745]
[-0.46741285  0.06819336]
[-0.51274834 -0.07262114]
[ 0.23695144 -0.67827318]
[ 0.0123164   0.09064629]
[ 0.89152474  0.38410768]
[-0.15387446  0.08934358]
[ 0.12178442  0.0594587 ]
[-0.60113468  0.17075811]
[-0.16869484  0.00801672]
[-0.09831334 -0.30652745]
[-0.20129815 -0.16293927]
[-0.51315988  0.25712932]
[-0.49582217  0.177365  ]
[ 0.23695144 -0.67827318]
[ 0.23695144 -0.67827318]
[-0.29523301  0.16633549]
[ 0.2415234  -0.41780564]
[-0.67992306  0.26743259]
[-0.33248509  0.15618823]
[-0.29224694  0.08600697]
[ 0.73170498 -0.06246288]
[-0.67719127  0.26709518]
[-0.09831334 -0.30652745]
[-0.61548131  0.2181903 ]
[ 0.17108315 -0.04242774]
[-0.30517995 -0.15863277]
[-0.22010502  0.11589069]
[ 0.89152474  0.38410768]
[-0.09831334 -0.30652745]
[ 0.03225353 -0.02987831]
[-0.72021357  0.14203992]
[ 0.24586063 -0.4321329 ]
[-0.35105902  0.24121988]
[ 0.89152474  0.38410768]
[ 0.48366739  0.33474914]
[-0.09512429 -0.01810174]
[ 0.46344675  0.32862034]
[-0.33248509  0.15618823]
[-0.1921087   0.11099137]
[-0.04748009  0.07218176]
[ 0.38424617  0.11023447]
[-0.17093279  0.05489691]
[ 0.16139192 -0.1691932 ]
[ 0.23695144 -0.67827318]
[ 0.38302347  0.11480215]
[-0.09831334 -0.30652745]
[ 0.89152474  0.38410768]
[ 0.89152474  0.38410768]
[ 0.89152474  0.38410768]
[-0.24305342  0.10719446]
[-0.14592756  0.03384057]
[-0.35639261  0.18054365]
[ 0.24586063 -0.4321329 ]
[ 0.23695144 -0.67827318]
[ 0.12630222  0.11621903]
[ 0.16139192 -0.1691932 ]
[-0.09831334 -0.30652745]
[-0.49582217  0.17736501]
[-0.27469643  0.14930854]
[-0.13457688  0.03375545]
[ 0.16139192 -0.1691932 ]
[-0.38929534  0.02609297]
[ 0.89152474  0.38410768]
[-0.18278214 -0.04358781]
[-0.33248509  0.15618823]
[-0.23201844 -0.02314725]
[-0.41589604  0.15694819]
[-0.59001203  0.11974043]
[-0.00488224  0.22082246]
[-0.48388884  0.17696204]
[ 0.23695144 -0.67827318]
[-0.75566011  0.25854902]
[-0.00452276  0.22442726]
[-0.03023017  0.08190034]
[-0.33248509  0.15618823]
[ 0.12778248  0.02554858]
[ 0.16139192 -0.1691932 ]
[-0.44855125  0.15276063]
[-0.38884271  0.14050073]
[ 0.23695144 -0.67827318]
[ 0.27346903 -0.09404821]
[ 0.89152474  0.38410768]
[-0.03122627 -0.07912826]
[ 0.16139192 -0.1691932 ]
[ 0.57715081 -0.04465561]
[-0.33248509  0.15618823]
[-0.09831334 -0.30652745]
[-0.30517995 -0.15863277]
[-0.47943866  0.17668746]
[ 0.21286107 -0.05803083]
[-0.33248509  0.15618823]
[-0.09831334 -0.30652745]
[-0.06194727  0.07392008]
[-0.13603981 -0.22482637]
[-0.65623279  0.2090234 ]
[-0.10424319  0.0772646 ]
[ 0.62165871  0.59589424]
[ 0.89152474  0.38410768]
[-0.09831334 -0.30652745]
[ 0.24586063 -0.4321329 ]
[-0.18278214 -0.04358781]
[-0.61994398  0.0908926 ]
[ 0.44054728  0.32530622]
[ 0.24586063 -0.4321329 ]
[-0.66102195  0.14038224]
[-0.11958441 -0.04281074]
[ 0.17664476  0.19475341]
[-0.61373185  0.21874958]
[-0.05437443  0.20047986]
[ 0.16139192 -0.1691932 ]
[-0.49582217  0.17736501]
[-0.66069649  0.04080737]
[ 0.89152474  0.38410768]
[-0.31969174  0.10428352]
[ 0.23695144 -0.67827318]
[ 0.89152474  0.38410768]
[-0.02639699 -0.16150012]
[ 0.89152474  0.38410768]
[ 0.39922489  0.12752326]
[-0.09831334 -0.30652745]
[-0.34078673  0.05554912]
[ 0.23695144 -0.67827318]
[ 0.02697235 -0.21130737]
[-0.01675825 -0.22956551]
[-0.14475346  0.11366725]
[-0.14168081  0.13949937]
[ 0.89152474  0.38410768]
[ 0.15896033 -0.2645984 ]
[-0.12073602  0.04900124]
[ 0.59833219  0.21446786]
[ 0.16139192 -0.1691932 ]
[-0.09831334 -0.30652745]
[ 0.16139192 -0.1691932 ]
[ 0.16308963  0.56601544]
[-0.32732316  0.14787877]
[-0.49072249  0.1652085 ]
[-0.41925119  0.21714278]
[ 0.00796299 -0.09170718]
[-0.34806525  0.22267183]
[ 0.25347845  0.25126959]
[ 0.15578122  0.19253285]
[-0.38964875  0.10430687]
[-0.30517995 -0.15863277]
[-0.33248509  0.15618823]
[ 0.89228594  0.38243198]
[-0.3812868   0.09755742]
[-0.38964875  0.10430687]
[-0.13262868  0.04128232]
[-0.33248509  0.15618823]
[ 0.89152474  0.38410768]
[-0.25870639  0.30109315]
[-0.09831334 -0.30652745]
[ 0.44348846 -0.02981086]
[-0.02332769 -0.04696599]
[ 0.16139192 -0.1691932 ]
[-0.77392656  0.15585621]
[-0.09831334 -0.30652745]
[ 0.89243063  0.37835587]
[ 0.89152474  0.38410768]
[ 0.23695144 -0.67827318]
[ 0.14594736 -0.05223549]
[-0.25461847  0.01022892]
[ 0.12138486  0.05680414]
[-0.09831334 -0.30652745]
[ 0.23695144 -0.67827318]
[ 0.63673474  0.35387741]
[-0.27177453  0.08867995]
[ 0.12216705 -0.03123265]
[-0.09831334 -0.30652745]
[-0.09831334 -0.30652745]
[-0.14388009  0.11889385]
[ 0.11937599  0.08512875]
[ 0.73170498 -0.06246288]
[-0.18278214 -0.04358781]
[ 0.23695144 -0.67827318]
[-0.01181056 -0.24492207]
[-0.01299011 -0.22910511]
[-0.05993898  0.06808788]
[-0.49582217  0.17736501]
[-0.03550034  0.14000413]
[ 0.16139192 -0.1691932 ]
[-0.38964875  0.10430687]
[-0.00215309 -0.02303282]
[-0.18278214 -0.04358781]
[ 0.44272977 -0.00916458]
[-0.42210296  0.17698804]
[-0.16023014  0.14632265]
[-0.3252428   0.00547501]
[ 0.16139192 -0.1691932 ]
[-0.65204601  0.14208874]
[ 0.23695144 -0.67827318]
[-0.18278214 -0.04358781]
[ 0.23695144 -0.67827318]
[ 0.19598783 -0.24991464]
[-0.53570208 -0.07540288]
[ 0.1190996   0.08531407]
[ 0.16139192 -0.1691932 ]
[-0.15370397 -0.2852571 ]
[ 0.89152474  0.38410768]
[-0.22279568  0.19257863]
[ 0.23695144 -0.67827318]
[-0.01689368  0.32286442]
[-0.30517995 -0.15863277]
[-0.06051488  0.09196147]
[-0.18278214 -0.04358781]
[-0.69978315  0.25539002]
[-0.49582217  0.17736501]
[ 0.89228744  0.38241222]
[ 0.30891097  0.21881059]
[-0.5705732   0.09697686]
[ 0.05690718  0.44596637]
[ 0.23567552  0.24027864]
[ 0.23695144 -0.67827318]
[ 0.23695144 -0.67827318]
[-0.47839945  0.14609631]
[-0.52412945  0.14380167]
[-0.35998941  0.21823024]
[-0.33649486  0.32725627]
[-0.28758445  0.10783207]
[-0.02202504  0.24368809]
[ 0.16139192 -0.1691932 ]
[ 0.08268345  0.23762245]
[-0.57025698  0.07692717]
[-0.49582217  0.17736501]
[-0.33248509  0.15618823]
[ 0.23695144 -0.67827318]
[-0.78576855 -0.05448422]
[ 0.4870312   0.02078063]
[-0.48316742 -0.06874328]
[-0.52956588  0.18474771]
[ 0.01212361 -0.02080472]
[-0.18278214 -0.04358781]
[-0.18411574  0.08881234]
[ 0.57715064 -0.04465573]
[ 0.89152474  0.38410768]
[ 0.24586063 -0.4321329 ]
[-0.2668031   0.10020842]
[-0.11838896 -0.07783787]
[-0.33248509  0.15618823]
[-0.4619904  0.1319548]
[-0.37795217 -0.33677025]
[ 0.89152474  0.38410768]
[ 0.16139192 -0.1691932 ]
[-0.47861522  0.28679121]
[-0.19331912  0.11770614]
[ 0.84504614 -0.14236986]
[ 0.23695144 -0.67827318]
[ 0.16139192 -0.1691932 ]
[ 0.85565872  0.32641894]
[ 0.73170498 -0.06246288]
[-0.55937751  0.07293438]
[ 0.07929137  0.10628387]
[ 0.46976427  0.08352983]
[ 0.23695144 -0.67827318]
[-0.79471344  0.1664438 ]
[-0.43973393  0.16938635]
[ 0.01429137 -0.01718352]
[-0.35157479  0.19821343]
[-0.51785876  0.17402786]
[-0.29224694  0.08600697]
[ 0.23695144 -0.67827318]
[ 0.42860125 -0.29211641]
[ 0.15794654  0.39771912]
[-0.09831334 -0.30652745]
[ 0.89152474  0.38410768]
[ 0.23695144 -0.67827318]
[ 0.73170498 -0.06246288]
[-0.38252668  0.21768872]
[-0.04116954 -0.03346718]
[-0.53990937  0.14629689]
[-0.68100933  0.27081845]
[-0.32995653  0.15445969]
[ 0.16139192 -0.1691932 ]
[-0.3799306   0.04990689]
[-0.34759632  0.24384846]
[-0.72963144  0.15472465]
[-0.69978315  0.25539002]
[ 0.45904309  0.03735087]
[-0.18278214 -0.04358781]
[-0.33246884  0.15619212]
[ 0.16492694 -0.16663269]
[-0.08929224 -0.15021306]
[-0.12011661 -0.06672256]
[-0.59799914  0.07221473]
[-0.35154733  0.22954657]
[ 0.12707077  0.02467699]
[-0.09831334 -0.30652745]
[-0.33248509  0.15618823]
[-0.37331531  0.05561651]
[-0.34873799  0.22634959]
[-0.39456038  0.19849042]
[-0.09831334 -0.30652745]
[ 0.23695144 -0.67827318]
[ 0.65048342 -0.11816883]
[ 0.05789495  0.19610603]
[ 0.73170498 -0.06246288]
[-0.08156379  0.2539863 ]
[ 0.23695144 -0.67827318]
[-0.49582217  0.17736501]
[ 0.89152474  0.38410768]
[ 0.23695144 -0.67827318]
[-0.07303401  0.19494956]
[ 0.40748103  0.42009149]
[ 0.16480485 -0.05681907]
[-0.05637343 -0.13245339]
[-0.49582217  0.17736501]
[ 0.16139192 -0.1691932 ]
[ 0.51390081  0.35310712]
[ 0.23695144 -0.67827318]
[ 0.23695144 -0.67827318]
[ 0.73170499 -0.06246328]
[ 0.89152474  0.38410768]
[ 0.89152474  0.38410768]
[-0.49582217  0.17736501]
[ 0.38705175  0.37668525]
[-0.60756526  0.12421189]
[-0.2376114  0.1228319]
[ 0.4331164  -0.01210837]
[-0.30517995 -0.15863277]
[ 0.89152474  0.38410768]
[-0.17259027  0.00993338]
[ 0.16139192 -0.1691932 ]
[ 0.73170498 -0.06246288]
[ 0.24586063 -0.4321329 ]
[ 0.26180922 -0.61837048]
[ 0.03574216 -0.03835711]
[-0.30038105  0.12592817]
[-0.30517995 -0.15863277]
[-0.29557386  0.13889097]
[ 0.22160933 -0.20932957]
[-0.12913198 -0.039254  ]
[-0.20677173  0.1124944 ]
[ 0.48677873  0.02112262]
[ 0.23695144 -0.67827318]
[ 0.87470335  0.31470216]
[ 0.89152474  0.38410768]
[ 0.10330987  0.08301961]
[-0.09831334 -0.30652745]
[-0.04199162 -0.05672018]
[-0.58067602  0.06940685]
[ 0.73170498 -0.06246288]
[-0.01959063 -0.26260627]
[ 0.12190482  0.03561899]
[ 0.17291374 -0.15915509]
[-0.09163649  0.01405402]
[-0.0494031 -0.1916389]
[ 0.16139192 -0.1691932 ]
[ 0.00166744  0.21754342]
[ 0.16139192 -0.1691932 ]
[-0.36801569 -0.15819882]
[ 0.31128851 -0.40204426]
[-0.06078635  0.09128179]
[-0.03537119  0.24068681]
[-0.11966846  0.05085356]
[-0.34903907  0.21030027]
[-0.27316201  0.11107588]
[-0.19166732  0.10526705]
[-0.09831334 -0.30652745]
[ 0.89152474  0.38410768]
[ 0.1567404  -0.05086671]
[-0.26524717  0.19324572]
[-0.30517995 -0.15863277]
[-0.19250078  0.10923441]
[ 0.89152474  0.38410768]
[-0.09831334 -0.30652745]
[ 0.89152474  0.38410768]
[-0.14532527  0.1112456 ]
[-0.31943311  0.14091876]
[-0.0235548  -0.00840407]
[-0.29563096  0.11339395]
[-0.40891391 -0.07013805]
[ 0.52127299  0.36089658]
[ 0.89152474  0.38410768]
[-0.39386779  0.20234783]
[ 0.39108147  0.292516  ]
[-0.057996   -0.23955434]
[-0.06235069  0.08717572]
[ 0.89152474  0.38410768]
[ 0.89152474  0.38410768]
[ 0.89152474  0.38410768]
[ 0.03341847 -0.04226489]
[ 0.44326316 -0.00899892]
[ 0.89152474  0.38410768]
[-0.23797306  0.09223912]
[ 0.23695144 -0.67827318]
[-0.47492103  0.21113414]
[ 0.89152474  0.38410768]
[ 0.1335306   0.20775572]
[-0.07761938  0.02692869]
[-0.32129862  0.14269346]
[ 0.25911406  0.04657207]
[ 0.23695144 -0.67827318]
[-0.29224694  0.08600697]
[ 0.73170499 -0.06246328]
[-0.09831334 -0.30652745]
[ 0.24586063 -0.4321329 ]
[-0.39626196  0.04713464]
[ 0.01330621 -0.02423931]
[-0.05553899 -0.14465555]
[-0.01289373  0.22484242]
[-0.14149666  0.14019767]
[-0.26286055 -0.1784465 ]
[ 0.73170498 -0.06246288]
[-0.18278214 -0.04358781]
[ 0.23695144 -0.67827318]
[-0.42210296  0.17698804]
[-0.38964875  0.10430687]
[-0.01940722 -0.0649145 ]
[-0.15054328  0.31261348]
[-0.09831334 -0.30652745]
[-0.52198071  0.23243157]
[-0.29224694  0.08600697]
[-0.34813775  0.22348293]
[ 0.89152474  0.38410768]
[ 0.00578444  0.0741844 ]
[ 0.27994369  0.16300026]
[-0.35835995  0.10204837]
[-0.36279792  0.15217962]
[-0.54170981  0.16016967]
[ 0.13456755  0.22684559]
[ 0.24586063 -0.4321329 ]
[-0.72175177  0.23025586]
[-0.69978315  0.25539002]
[ 0.89152474  0.38410768]
[-0.0207947  -0.27182169]
[ 0.16139192 -0.1691932 ]
[-0.24258585 -0.06841484]
[-0.36175743  0.24279957]
[ 0.89152474  0.38410768]
[-0.36185827  0.24269078]
[ 0.16139192 -0.1691932 ]
[-0.09831334 -0.30652745]
[ 0.12740647 -0.02748822]
[ 0.01585936  0.2226743 ]
[ 0.89152474  0.38410768]
[-0.12977244  0.0533514 ]
[-0.22621717  0.11728283]
[ 0.73170498 -0.06246288]
[ 0.73170498 -0.06246288]
[-0.30517995 -0.15863277]
[-0.39412257  0.03718261]
[ 0.16139192 -0.1691932 ]
[ 0.89152474  0.38410768]
[ 0.89152474  0.38410768]
[ 0.89152474  0.38410768]
[ 0.89152474  0.38410768]
[-0.36395154  0.10115267]
[-0.09831334 -0.30652745]
[-0.18278214 -0.04358781]
[ 0.07873876 -0.29789306]
[-0.03513267  0.24072323]
[ 0.16139192 -0.1691932 ]
[ 0.23695144 -0.67827318]
[-0.26684725  0.15582275]
[ 0.23695144 -0.67827318]
[-0.49582217  0.17736501]
[ 0.48793513  0.0203238 ]
[-0.00690072 -0.05144606]
[ 0.08455879  0.23505365]
[-0.18278214 -0.04358781]
[ 0.89152474  0.38410768]
[-0.09831334 -0.30652745]
[ 0.89152474  0.38410768]
[-0.33248509  0.15618823]
[ 0.89152474  0.38410768]
[-0.40984268  0.12823064]
[-0.09831334 -0.30652745]
[-0.50566403 -0.07717161]
[-0.5734789   0.00219133]
[ 0.16139192 -0.1691932 ]
[-0.09831334 -0.30652745]
[-0.14033258  0.1382893 ]
[ 0.16139192 -0.1691932 ]
[-0.49218846  0.10422882]
[-0.4590353   0.12928877]
[-0.00383602  0.1960061 ]
[-0.09831334 -0.30652745]
[ 0.31721423  0.09735283]
[ 0.01357915 -0.01920989]
[-0.0743793   0.03400472]
[-0.25870639  0.30109315]
[ 0.05339624  0.16978589]
[ 0.16139192 -0.1691932 ]
[-0.19254077  0.04786938]
[-0.46329477  0.11925491]
[-0.09831334 -0.30652745]
[ 0.46816776  0.32975361]
[-0.004347    0.21231143]
[ 0.16139192 -0.1691932 ]
[-0.14386099  0.11904719]
[-0.45299396  0.18708647]
[ 0.89152474  0.38410768]
[ 0.89152474  0.38410768]
[ 0.03492027  0.05856291]
[-0.42210296  0.17698804]
[ 0.49567126  0.13355222]
[-0.43547616  0.22360176]
[-0.09831334 -0.30652745]
[-0.33058142  0.29742232]
[-0.18278214 -0.04358781]
[-0.69978315  0.25539002]
[ 0.23695144 -0.67827318]
[ 0.12036717 -0.12240379]
[-0.26898961  0.15926638]
[-0.29901287  0.12633237]
[-0.05802238  0.11373371]
[-0.33248509  0.15618823]
[ 0.05818232  0.30228098]
[ 0.23695144 -0.67827318]
[-0.07311693  0.04961224]
[ 0.78336741  0.07998154]
[-0.04117022 -0.24745251]
[-0.29224694  0.08600697]
[ 0.18116349 -0.16274868]
[-0.00836677 -0.17382372]
[ 0.16139192 -0.1691932 ]
[ 0.02733258 -0.05133636]
[-0.34809297  0.22302498]
[ 0.23695144 -0.67827318]
[-0.49582217  0.17736501]
[ 0.16139192 -0.1691932 ]
[ 0.23695144 -0.67827318]
[-0.33248509  0.15618823]
[ 0.23695144 -0.67827318]
[ 0.01307671  0.21418444]
[ 0.20993098  0.23587015]
[ 0.89152474  0.38410768]
[ 0.14907968  0.26379025]
[ 0.73170498 -0.06246288]
[-0.09831334 -0.30652745]
[-0.292778    0.09979518]
[-0.62718133  0.21054246]
[-0.09831334 -0.30652745]
[-0.29224694  0.08600697]
[-0.18278214 -0.04358781]
[ 0.89152474  0.38410768]
[ 0.16139192 -0.1691932 ]
[-0.54727463  0.17614837]
[-0.29224694  0.08600697]
[-0.12480974 -0.04451618]
[-0.35262494  0.23934278]
[-0.18278214 -0.04358781]
[ 0.89152474  0.38410768]
[ 0.23695144 -0.67827318]
[ 0.23695144 -0.67827318]
[ 0.73170498 -0.06246288]
[-0.08808421  0.25959767]
[ 0.25887755  0.04661   ]
[-0.49582217  0.17736501]
[-0.02965221  0.00793575]
[-0.30517995 -0.15863277]
[ 0.16139192 -0.1691932 ]
[ 0.89152474  0.38410768]
[-0.38686136 -0.58291054]
[-0.47467784  0.21175567]
[ 0.73170498 -0.06246288]
[-0.09831334 -0.30652745]
[ 0.57715081 -0.04465561]
[-0.18278214 -0.04358781]
[-0.3481459  0.2234978]
[ 0.05948818 -0.05429037]
[ 0.86578904  0.3333743 ]
[ 0.07488213 -0.00941786]
[ 0.23695144 -0.67827318]
[-0.29224694  0.08600697]
[ 0.34437943 -0.36780812]
[-0.61802845  0.12395396]
[-0.2963314  -0.12734771]
[-0.09831334 -0.30652745]
[-0.30517995 -0.15863277]
[ 0.89152474  0.38410768]
[ 0.23695144 -0.67827318]
[-0.43017003  0.10363423]
[-0.26656052 -0.1644726 ]
[ 0.16139192 -0.1691932 ]
[-0.1183258   0.05264541]
[ 0.23695144 -0.67827318]
[ 0.16139192 -0.1691932 ]
[ 0.16139192 -0.1691932 ]
[-0.38443181  0.17835905]
[ 0.89152474  0.38410768]
[-0.37171781  0.05678965]
[-0.10376978  0.23733025]
[ 0.89152474  0.38410768]
[ 0.23695144 -0.67827318]
[-0.09580846  0.19742939]
[-0.30274753  0.12451555]
[-0.15178656  0.0520468 ]
[ 0.23695144 -0.67827318]
[-0.40450123 -0.06618811]
[ 0.2494251   0.31094473]
[ 0.23695144 -0.67827318]
[ 0.16139192 -0.1691932 ]
[-0.29442065  0.1281965 ]
[-0.61626218  0.21506936]
[ 0.23695144 -0.67827318]
[ 0.00649072 -0.05205566]
[-0.49582217  0.17736501]
[-0.49582217  0.17736501]
[-0.11402494  0.28469666]
[-0.42210296  0.17698804]
[-0.53563416 -0.03090381]
[ 0.16207313 -0.1201792 ]
[-0.10732701  0.0529938 ]
[ 0.89152474  0.38410768]
[-0.1864021   0.06541134]
[ 0.89152474  0.38410768]
[ 0.2423153 -0.6687851]
[ 0.89152474  0.38410768]
[-0.57117582  0.07731663]
[ 0.23695144 -0.67827318]
[-0.38964875  0.10430687]
[ 0.16139192 -0.1691932 ]
[-0.69978315  0.25539002]
[ 0.23695144 -0.67827318]
[-0.33248509  0.15618823]
[-0.14552626  0.18874264]
[ 0.85757702  0.32758713]
[ 0.89152474  0.38410768]
[-0.51506753  0.18487585]
[ 0.54949614  0.28977402]
[-0.30517995 -0.15863277]
[ 0.16139192 -0.1691932 ]
[-0.49582217  0.17736501]
[ 0.23695144 -0.67827318]
[-0.33248509  0.15618823]
[-0.17674794  0.10192446]
[ 0.16139192 -0.1691932 ]
